node_count,bdd_depth,node_reduction,chance_wrong_output,chance_false_true_output,truth_ratio,levels,time,method
2079,57,99.95,16.7,16.7,83.3,3,0.01,ROUNDING_DOWN
6165,94,3.29,57.84,78.89,15.48,3,2.12,ROUNDING_DOWN
1649,50,10.73,58.43,61.3,36.89,3,0.48,ROUNDING_DOWN
4395,80,4.12,61.91,75.94,19.61,3,1.4,ROUNDING_DOWN
6512,96,99.98,35.62,35.62,64.38,3,0.05,ROUNDING_DOWN
214,23,99.53,1.33,1.33,98.67,1,0.0,ROUNDING_DOWN
4670,82,6.04,63.9,68.14,29.88,3,2.2,ROUNDING_DOWN
3656,73,1.67,29.32,71.0,11.98,2,0.42,ROUNDING_DOWN
1960,55,99.95,28.57,28.57,71.43,2,0.01,ROUNDING_DOWN
4314,79,99.98,29.85,29.85,70.15,3,0.03,ROUNDING_DOWN
411,27,14.11,11.91,12.24,85.46,1,0.04,ROUNDING_DOWN
4417,80,99.98,18.32,18.32,81.68,3,0.03,ROUNDING_DOWN
138,17,21.01,35.31,78.08,9.92,3,0.01,ROUNDING_DOWN
3716,74,2.26,41.23,68.09,19.32,2,0.56,ROUNDING_DOWN
4193,78,2.17,30.47,37.0,51.88,1,0.68,ROUNDING_DOWN
4981,85,3.27,9.57,10.02,85.91,1,1.37,ROUNDING_DOWN
113,15,23.89,48.25,65.14,25.81,2,0.01,ROUNDING_DOWN
4674,83,99.98,6.71,6.71,93.29,1,0.03,ROUNDING_DOWN
6540,96,99.98,25.81,25.81,74.19,2,0.04,ROUNDING_DOWN
381,26,28.08,13.9,13.99,85.42,1,0.06,ROUNDING_DOWN
5245,87,1.24,29.47,44.88,36.19,1,0.63,ROUNDING_DOWN
3574,72,6.74,50.38,52.46,45.66,2,1.43,ROUNDING_DOWN
1167,43,99.91,36.06,36.06,63.94,2,0.01,ROUNDING_DOWN
1465,50,99.93,5.65,5.65,94.35,2,0.01,ROUNDING_DOWN
604,32,23.18,59.18,60.72,38.27,3,0.13,ROUNDING_DOWN
1191,43,18.05,58.74,60.2,38.83,3,0.37,ROUNDING_DOWN
2413,60,5.72,27.79,28.97,68.15,1,0.52,ROUNDING_DOWN
33,11,9.09,19.04,50.0,19.04,1,0.0,ROUNDING_DOWN
178,19,28.09,49.62,60.42,32.5,3,0.02,ROUNDING_DOWN
160,18,99.38,28.61,28.61,71.39,2,0.0,ROUNDING_DOWN
653,33,25.57,74.39,75.04,24.74,3,0.16,ROUNDING_DOWN
2642,63,99.96,6.43,6.43,93.57,3,0.02,ROUNDING_DOWN
4003,76,7.99,59.83,62.99,35.16,3,2.04,ROUNDING_DOWN
214,21,11.21,23.94,27.38,63.48,1,0.01,ROUNDING_DOWN
2771,64,5.7,28.12,30.77,63.27,2,0.69,ROUNDING_DOWN
1130,43,99.91,33.3,33.3,66.7,2,0.01,ROUNDING_DOWN
212,20,99.53,53.72,53.72,46.28,2,0.0,ROUNDING_DOWN
300,23,99.67,40.13,40.13,59.87,2,0.0,ROUNDING_DOWN
4550,81,99.98,39.17,39.17,60.83,3,0.03,ROUNDING_DOWN
7096,100,99.99,23.78,23.78,76.22,3,0.05,ROUNDING_DOWN
200,20,15.5,63.25,83.09,12.87,3,0.01,ROUNDING_DOWN
5583,89,99.98,21.64,21.64,78.36,3,0.05,ROUNDING_DOWN
230,21,4.78,21.43,75.0,7.14,2,0.01,ROUNDING_DOWN
5750,90,99.98,38.93,38.93,61.07,3,0.04,ROUNDING_DOWN
5042,85,99.98,22.04,22.04,77.96,2,0.04,ROUNDING_DOWN
2427,60,8.49,59.42,64.4,32.85,3,0.84,ROUNDING_DOWN
6178,93,6.7,43.6,44.21,55.03,2,3.99,ROUNDING_DOWN
3863,76,99.97,2.91,2.91,97.09,1,0.03,ROUNDING_DOWN
2385,60,9.77,47.08,48.15,50.7,2,0.84,ROUNDING_DOWN
3629,72,5.15,48.26,52.91,42.95,2,1.04,ROUNDING_DOWN
312,24,8.33,18.89,23.26,62.33,1,0.02,ROUNDING_DOWN
2835,65,1.76,28.53,41.08,40.93,1,0.28,ROUNDING_DOWN
2773,64,1.77,31.26,45.26,37.81,1,0.25,ROUNDING_DOWN
5703,90,2.26,50.8,81.3,11.69,3,1.25,ROUNDING_DOWN
6047,93,5.01,9.67,9.76,89.46,1,2.7,ROUNDING_DOWN
1529,49,3.66,43.73,73.45,15.81,2,0.16,ROUNDING_DOWN
287,24,6.97,28.9,66.36,14.65,2,0.02,ROUNDING_DOWN
1890,54,0.42,12.63,50.0,12.63,1,0.06,ROUNDING_DOWN
2894,66,99.97,11.47,11.47,88.53,3,0.04,ROUNDING_DOWN
1795,52,15.38,52.05,53.03,46.1,3,0.71,ROUNDING_DOWN
5349,87,2.97,51.36,62.89,30.3,2,1.35,ROUNDING_DOWN
139,18,4.32,9.24,47.88,10.06,1,0.01,ROUNDING_DOWN
150,18,16.67,27.45,51.19,26.18,2,0.01,ROUNDING_DOWN
1760,52,99.94,16.82,16.82,83.18,3,0.01,ROUNDING_DOWN
849,38,99.88,12.92,12.92,87.08,3,0.01,ROUNDING_DOWN
1694,51,5.08,41.01,54.14,34.74,2,0.25,ROUNDING_DOWN
814,37,3.69,21.57,67.44,10.41,2,0.06,ROUNDING_DOWN
1243,44,17.38,40.24,40.75,58.52,2,0.39,ROUNDING_DOWN
3279,70,1.52,25.22,42.99,33.44,1,0.31,ROUNDING_DOWN
5455,89,2.36,58.19,84.01,11.08,3,1.27,ROUNDING_DOWN
613,32,99.84,40.6,40.6,59.4,3,0.01,ROUNDING_DOWN
2870,65,6.9,26.6,27.76,69.22,2,0.95,ROUNDING_DOWN
1952,55,99.95,10.83,10.83,89.17,3,0.01,ROUNDING_DOWN
1032,41,99.9,23.06,23.06,76.94,2,0.01,ROUNDING_DOWN
1156,44,3.72,58.77,86.54,9.14,3,0.11,ROUNDING_DOWN
3019,67,6.99,69.74,75.68,22.42,3,1.01,ROUNDING_DOWN
3518,72,0.63,8.66,50.0,8.66,1,0.2,ROUNDING_DOWN
1890,54,99.95,18.87,18.87,81.13,3,0.01,ROUNDING_DOWN
123,16,57.72,76.04,76.96,22.76,3,0.01,ROUNDING_DOWN
6722,97,99.99,32.83,32.83,67.17,3,0.05,ROUNDING_DOWN
1065,41,10.7,64.68,73.86,22.89,3,0.22,ROUNDING_DOWN
423,27,99.76,68.17,68.17,31.83,3,0.0,ROUNDING_DOWN
3088,68,3.27,47.47,82.21,10.27,3,0.59,ROUNDING_DOWN
6369,95,0.83,23.01,73.75,8.19,2,0.65,ROUNDING_DOWN
613,33,99.84,14.56,14.56,85.44,1,0.01,ROUNDING_DOWN
3835,74,2.35,16.41,20.01,65.63,1,0.58,ROUNDING_DOWN
2106,58,0.71,22.52,75.0,7.51,2,0.1,ROUNDING_DOWN
6112,93,99.98,27.18,27.18,72.82,2,0.04,ROUNDING_DOWN
6441,95,1.8,20.69,25.48,60.5,1,1.19,ROUNDING_DOWN
2823,65,2.2,23.5,61.05,14.99,2,0.32,ROUNDING_DOWN
126,16,99.21,45.45,45.45,54.55,3,0.0,ROUNDING_DOWN
5789,91,2.21,40.45,63.92,22.83,2,1.22,ROUNDING_DOWN
3917,76,4.34,10.16,10.48,86.82,1,1.02,ROUNDING_DOWN
486,29,99.79,17.55,17.55,82.45,2,0.0,ROUNDING_DOWN
4041,76,2.67,27.34,30.93,61.05,1,0.7,ROUNDING_DOWN
996,40,4.72,34.78,62.97,20.46,2,0.09,ROUNDING_DOWN
324,25,4.01,22.48,77.46,6.54,3,0.01,ROUNDING_DOWN
786,36,15.39,24.55,24.89,74.1,1,0.14,ROUNDING_DOWN
2789,64,9.57,70.09,72.5,26.59,3,1.12,ROUNDING_DOWN
564,31,99.82,28.61,28.61,71.39,3,0.0,ROUNDING_DOWN
2486,61,7.6,47.97,50.03,47.92,2,0.71,ROUNDING_DOWN
1600,49,99.94,34.28,34.28,65.72,3,0.01,ROUNDING_DOWN
1176,44,99.91,8.03,8.03,91.97,1,0.01,ROUNDING_DOWN
6696,98,99.99,4.44,4.44,95.56,1,0.04,ROUNDING_DOWN
546,30,99.82,48.58,48.58,51.42,3,0.0,ROUNDING_DOWN
3688,74,0.89,15.88,41.11,22.74,1,0.26,ROUNDING_DOWN
68,13,1.47,12.68,50.0,12.68,1,0.0,ROUNDING_DOWN
288,23,99.65,32.0,32.0,68.0,3,0.0,ROUNDING_DOWN
334,25,5.39,20.45,27.66,53.47,1,0.02,ROUNDING_DOWN
2085,56,8.82,36.12,37.37,60.52,2,0.58,ROUNDING_DOWN
188,20,99.47,22.85,22.85,77.15,1,0.0,ROUNDING_DOWN
5266,87,2.32,43.55,62.37,26.28,2,1.05,ROUNDING_DOWN
1539,49,5.72,36.94,47.49,40.85,2,0.23,ROUNDING_DOWN
547,31,99.82,11.43,11.43,88.57,1,0.0,ROUNDING_DOWN
1269,45,5.67,47.97,62.14,29.23,2,0.16,ROUNDING_DOWN
2981,66,9.29,68.7,70.48,28.78,3,1.23,ROUNDING_DOWN
6096,93,3.31,42.98,48.22,46.16,2,1.9,ROUNDING_DOWN
4943,84,1.72,34.93,69.84,15.09,2,0.71,ROUNDING_DOWN
4004,77,99.98,8.31,8.31,91.69,3,0.03,ROUNDING_DOWN
1525,49,1.31,11.39,38.36,18.3,1,0.08,ROUNDING_DOWN
6590,97,1.09,27.31,71.77,10.74,2,0.85,ROUNDING_DOWN
319,25,7.84,19.26,27.01,52.05,1,0.02,ROUNDING_DOWN
5587,89,0.93,17.09,35.67,30.83,1,0.54,ROUNDING_DOWN
3055,68,0.23,5.02,50.0,5.02,1,0.09,ROUNDING_DOWN
1027,41,2.43,21.74,41.09,31.16,1,0.06,ROUNDING_DOWN
1297,45,99.92,16.17,16.17,83.83,3,0.01,ROUNDING_DOWN
2681,63,1.9,21.73,33.59,42.96,1,0.25,ROUNDING_DOWN
5521,89,3.21,8.27,8.49,89.04,1,1.5,ROUNDING_DOWN
3248,69,1.57,22.81,40.91,32.95,1,0.3,ROUNDING_DOWN
5973,92,4.02,62.93,74.73,21.29,3,2.18,ROUNDING_DOWN
1001,41,99.9,9.27,9.27,90.73,2,0.01,ROUNDING_DOWN
1561,49,99.94,50.7,50.7,49.3,2,0.01,ROUNDING_DOWN
426,28,99.77,27.44,27.44,72.56,3,0.02,ROUNDING_DOWN
4300,79,99.98,44.0,44.0,56.0,3,0.03,ROUNDING_DOWN
1826,53,4.76,47.38,83.48,9.38,3,0.28,ROUNDING_DOWN
5747,91,0.5,12.82,50.0,12.82,1,0.37,ROUNDING_DOWN
183,19,99.45,13.32,13.32,86.68,1,0.0,ROUNDING_DOWN
1582,49,4.42,15.16,16.4,77.3,1,0.19,ROUNDING_DOWN
98,15,98.98,56.9,56.9,43.1,3,0.0,ROUNDING_DOWN
403,27,99.75,69.64,69.64,30.36,3,0.0,ROUNDING_DOWN
4891,84,99.98,31.51,31.51,68.49,2,0.03,ROUNDING_DOWN
1792,52,9.6,21.89,22.18,76.79,1,0.46,ROUNDING_DOWN
1768,53,99.94,7.76,7.76,92.24,2,0.01,ROUNDING_DOWN
66,12,15.15,29.96,50.0,29.96,1,0.0,ROUNDING_DOWN
6114,93,99.98,40.1,40.1,59.9,3,0.04,ROUNDING_DOWN
1483,48,99.93,14.89,14.89,85.11,2,0.01,ROUNDING_DOWN
1052,41,99.9,33.08,33.08,66.92,3,0.01,ROUNDING_DOWN
2554,62,1.61,24.67,69.83,10.66,2,0.22,ROUNDING_DOWN
1309,46,6.49,49.77,59.54,33.83,2,0.2,ROUNDING_DOWN
1117,43,1.61,9.05,47.09,10.17,1,0.05,ROUNDING_DOWN
1240,44,7.98,37.29,43.07,49.29,2,0.2,ROUNDING_DOWN
188,20,99.47,9.19,9.19,90.81,1,0.0,ROUNDING_DOWN
5331,88,99.98,4.74,4.74,95.26,2,0.04,ROUNDING_DOWN
1026,41,17.54,66.64,67.81,31.63,3,0.28,ROUNDING_DOWN
2432,60,99.96,35.29,35.29,64.71,2,0.02,ROUNDING_DOWN
7078,100,7.67,58.07,58.61,41.0,3,5.5,ROUNDING_DOWN
3758,74,99.97,34.94,34.94,65.06,3,0.03,ROUNDING_DOWN
2756,64,8.09,25.21,25.51,73.63,1,0.92,ROUNDING_DOWN
622,33,7.72,35.95,54.86,29.58,2,0.06,ROUNDING_DOWN
2061,57,0.24,9.33,75.0,3.11,2,0.06,ROUNDING_DOWN
911,38,6.92,40.41,54.93,33.15,2,0.1,ROUNDING_DOWN
833,38,99.88,8.75,8.75,91.25,1,0.01,ROUNDING_DOWN
2024,55,3.85,30.29,34.29,58.04,1,0.26,ROUNDING_DOWN
4768,82,2.54,40.68,59.68,27.48,2,0.93,ROUNDING_DOWN
89,14,14.61,24.86,32.7,51.15,1,0.0,ROUNDING_DOWN
1540,49,2.47,29.99,72.27,11.51,2,0.12,ROUNDING_DOWN
26,11,96.15,1.42,1.42,98.58,3,0.0,ROUNDING_DOWN
3101,67,6.13,67.95,76.45,20.94,3,0.91,ROUNDING_DOWN
511,30,99.8,50.36,50.36,49.64,3,0.0,ROUNDING_DOWN
402,27,7.71,46.82,67.57,22.47,2,0.03,ROUNDING_DOWN
966,40,1.55,17.78,50.0,17.78,1,0.04,ROUNDING_DOWN
3006,66,4.76,37.65,42.91,50.1,2,0.69,ROUNDING_DOWN
3300,71,99.97,5.82,5.82,94.18,1,0.02,ROUNDING_DOWN
2060,56,99.95,13.57,13.57,86.43,3,0.01,ROUNDING_DOWN
3434,71,1.28,20.48,73.43,7.41,2,0.32,ROUNDING_DOWN
6018,93,99.98,5.13,5.13,94.87,2,0.04,ROUNDING_DOWN
3012,67,99.97,13.72,13.72,86.28,3,0.02,ROUNDING_DOWN
2283,59,6.75,66.02,73.71,23.54,3,0.58,ROUNDING_DOWN
6921,99,5.43,63.36,67.03,31.17,3,3.83,ROUNDING_DOWN
1133,42,99.91,51.36,51.36,48.64,3,0.01,ROUNDING_DOWN
4637,81,1.88,28.2,35.75,50.68,1,0.68,ROUNDING_DOWN
4637,82,99.98,55.55,55.55,44.45,3,0.03,ROUNDING_DOWN
1335,46,99.93,40.3,40.3,59.7,3,0.01,ROUNDING_DOWN
4854,85,99.98,7.9,7.9,92.1,3,0.03,ROUNDING_DOWN
71,14,35.21,25.35,28.81,62.64,1,0.0,ROUNDING_DOWN
708,35,9.18,12.73,13.3,82.92,1,0.08,ROUNDING_DOWN
3257,69,99.97,43.99,43.99,56.01,3,0.02,ROUNDING_DOWN
180,20,99.44,49.25,49.25,50.75,3,0.0,ROUNDING_DOWN
3158,68,8.61,51.28,52.92,45.61,3,1.27,ROUNDING_DOWN
4707,83,0.42,11.1,50.0,11.1,1,0.23,ROUNDING_DOWN
2011,55,9.35,39.16,40.42,57.73,2,0.58,ROUNDING_DOWN
999,40,8.51,51.93,64.61,28.45,2,0.16,ROUNDING_DOWN
1527,49,2.69,18.19,42.9,24.2,1,0.12,ROUNDING_DOWN
6486,96,99.98,5.15,5.15,94.85,3,0.04,ROUNDING_DOWN
2476,61,3.55,41.77,62.74,24.81,2,0.38,ROUNDING_DOWN
1807,53,4.54,39.96,56.81,30.38,2,0.26,ROUNDING_DOWN
6448,95,2.31,45.43,60.71,29.4,2,1.53,ROUNDING_DOWN
3826,75,2.72,41.07,62.13,25.04,2,0.67,ROUNDING_DOWN
2248,58,5.83,25.36,27.01,68.53,1,0.46,ROUNDING_DOWN
2654,63,4.82,42.83,50.23,42.43,2,0.54,ROUNDING_DOWN
2707,64,99.96,13.61,13.61,86.39,2,0.04,ROUNDING_DOWN
3643,73,4.45,44.8,52.72,40.18,2,0.92,ROUNDING_DOWN
6166,94,99.98,6.61,6.61,93.39,1,0.06,ROUNDING_DOWN
2640,63,2.46,39.7,70.95,16.26,2,0.31,ROUNDING_DOWN
1777,52,3.88,21.93,25.32,64.67,1,0.21,ROUNDING_DOWN
123,18,2.44,8.09,50.0,8.09,1,0.0,ROUNDING_DOWN
1391,46,8.41,49.09,54.64,40.76,2,0.26,ROUNDING_DOWN
154,18,27.27,75.15,85.78,12.46,3,0.01,ROUNDING_DOWN
5818,91,2.51,45.92,80.72,10.96,3,1.35,ROUNDING_DOWN
3677,73,7.51,12.97,13.07,86.33,1,1.47,ROUNDING_DOWN
197,19,99.49,41.31,41.31,58.69,3,0.0,ROUNDING_DOWN
422,28,8.77,24.97,29.76,58.93,1,0.03,ROUNDING_DOWN
3920,75,99.97,34.64,34.64,65.36,3,0.03,ROUNDING_DOWN
2820,65,99.96,17.75,17.75,82.25,3,0.04,ROUNDING_DOWN
1090,42,99.91,26.77,26.77,73.23,2,0.01,ROUNDING_DOWN
4182,78,0.69,16.71,48.85,17.5,1,0.26,ROUNDING_DOWN
2024,55,8.15,47.28,52.03,43.6,2,0.53,ROUNDING_DOWN
5656,90,99.98,52.63,52.63,47.37,3,0.04,ROUNDING_DOWN
2529,62,8.54,56.3,60.65,36.54,3,0.83,ROUNDING_DOWN
713,35,3.79,20.77,57.34,15.45,2,0.04,ROUNDING_DOWN
3673,75,0.49,1.21,50.0,1.21,1,0.16,ROUNDING_DOWN
1970,55,1.57,22.01,40.8,31.93,1,0.13,ROUNDING_DOWN
822,37,3.41,16.87,26.66,46.4,1,0.06,ROUNDING_DOWN
4023,77,0.8,15.31,47.43,16.97,1,0.26,ROUNDING_DOWN
4501,81,4.18,59.0,72.85,21.98,3,1.33,ROUNDING_DOWN
1451,48,99.93,24.68,24.68,75.32,2,0.01,ROUNDING_DOWN
1360,46,99.93,28.13,28.13,71.87,3,0.01,ROUNDING_DOWN
145,18,8.28,21.43,40.29,31.75,1,0.01,ROUNDING_DOWN
39,11,35.9,16.41,25.77,47.27,3,0.0,ROUNDING_DOWN
4323,80,0.35,7.32,50.0,7.32,1,0.19,ROUNDING_DOWN
5984,92,99.98,41.35,41.35,58.65,3,0.04,ROUNDING_DOWN
4175,78,1.22,22.36,44.06,28.4,1,0.38,ROUNDING_DOWN
270,22,99.63,54.81,54.81,45.19,3,0.0,ROUNDING_DOWN
75,13,98.67,34.42,34.42,65.58,1,0.0,ROUNDING_DOWN
2010,56,15.07,53.01,53.41,46.25,3,0.88,ROUNDING_DOWN
2946,67,0.85,13.25,50.0,13.25,1,0.18,ROUNDING_DOWN
3655,73,0.57,10.58,50.0,10.58,1,0.18,ROUNDING_DOWN
109,15,99.08,22.78,22.78,77.22,3,0.0,ROUNDING_DOWN
1138,43,99.91,11.98,11.98,88.02,3,0.01,ROUNDING_DOWN
236,21,22.03,27.94,29.63,66.35,2,0.02,ROUNDING_DOWN
1362,46,99.93,26.13,26.13,73.87,3,0.02,ROUNDING_DOWN
792,37,0.88,21.17,75.0,7.06,2,0.03,ROUNDING_DOWN
38,10,97.37,56.25,56.25,43.75,3,0.0,ROUNDING_DOWN
776,36,99.87,10.76,10.76,89.24,3,0.0,ROUNDING_DOWN
779,38,4.49,22.72,84.37,4.21,3,0.06,ROUNDING_DOWN
2367,60,99.96,20.71,20.71,79.29,3,0.02,ROUNDING_DOWN
5227,86,4.88,36.6,39.34,56.42,2,2.0,ROUNDING_DOWN
2062,56,99.95,19.61,19.61,80.39,2,0.01,ROUNDING_DOWN
1896,54,6.01,23.43,25.23,69.42,1,0.34,ROUNDING_DOWN
3278,70,4.64,39.22,45.89,46.23,2,0.81,ROUNDING_DOWN
101,15,99.01,11.68,11.68,88.32,1,0.0,ROUNDING_DOWN
1167,43,3.94,22.31,26.71,61.23,1,0.1,ROUNDING_DOWN
6384,95,99.98,35.14,35.14,64.86,3,0.06,ROUNDING_DOWN
3471,72,1.99,35.36,83.61,6.93,3,0.45,ROUNDING_DOWN
2469,61,0.53,5.59,34.61,10.56,1,0.09,ROUNDING_DOWN
1062,42,3.01,29.09,74.35,10.04,2,0.09,ROUNDING_DOWN
5386,88,99.98,27.51,27.51,72.49,3,0.04,ROUNDING_DOWN
2033,56,99.95,15.18,15.18,84.82,2,0.01,ROUNDING_DOWN
1354,46,4.21,41.25,69.21,18.35,2,0.14,ROUNDING_DOWN
3083,67,99.97,23.21,23.21,76.79,2,0.02,ROUNDING_DOWN
153,17,99.35,64.55,64.55,35.45,3,0.0,ROUNDING_DOWN
134,17,33.58,52.74,62.72,31.34,3,0.01,ROUNDING_DOWN
4933,84,99.98,17.49,17.49,82.51,3,0.03,ROUNDING_DOWN
7181,100,99.99,66.98,66.98,33.02,3,0.05,ROUNDING_DOWN
1380,46,4.49,27.06,30.3,62.24,1,0.15,ROUNDING_DOWN
5054,85,1.66,27.16,38.89,42.69,1,0.71,ROUNDING_DOWN
1270,45,99.92,40.52,40.52,59.48,2,0.01,ROUNDING_DOWN
326,25,99.69,15.5,15.5,84.5,1,0.0,ROUNDING_DOWN
249,22,99.6,19.04,19.04,80.96,3,0.0,ROUNDING_DOWN
1287,45,7.85,25.35,26.21,71.35,1,0.2,ROUNDING_DOWN
3250,69,4.0,39.91,51.47,37.63,2,0.69,ROUNDING_DOWN
3946,75,99.97,50.1,50.1,49.9,3,0.03,ROUNDING_DOWN
100,15,4.0,23.57,50.0,23.57,1,0.0,ROUNDING_DOWN
561,32,99.82,19.88,19.88,80.12,1,0.0,ROUNDING_DOWN
210,21,99.52,8.08,8.08,91.92,3,0.0,ROUNDING_DOWN
1148,43,15.51,56.88,57.62,41.83,2,0.3,ROUNDING_DOWN
5482,88,5.78,57.2,60.94,36.67,3,2.6,ROUNDING_DOWN
4453,80,1.06,17.55,37.04,29.83,1,0.4,ROUNDING_DOWN
3973,77,99.97,7.32,7.32,92.68,2,0.03,ROUNDING_DOWN
3465,71,0.92,13.35,38.32,21.48,1,0.24,ROUNDING_DOWN
6676,97,99.99,23.5,23.5,76.5,2,0.05,ROUNDING_DOWN
2643,63,99.96,46.3,46.3,53.7,2,0.02,ROUNDING_DOWN
770,35,5.45,26.18,33.73,51.43,1,0.08,ROUNDING_DOWN
412,27,99.76,25.86,25.86,74.14,3,0.0,ROUNDING_DOWN
714,35,8.82,16.98,18.3,75.77,1,0.08,ROUNDING_DOWN
4679,82,6.69,67.26,70.34,28.37,3,2.17,ROUNDING_DOWN
926,38,99.89,37.27,37.27,62.73,3,0.01,ROUNDING_DOWN
571,31,5.08,29.89,70.15,12.72,2,0.05,ROUNDING_DOWN
218,22,99.54,14.37,14.37,85.63,1,0.0,ROUNDING_DOWN
6488,96,2.64,23.96,26.17,67.59,1,1.71,ROUNDING_DOWN
6448,96,99.98,23.48,23.48,76.52,3,0.04,ROUNDING_DOWN
2063,55,99.95,30.84,30.84,69.16,3,0.01,ROUNDING_DOWN
4416,80,99.98,30.67,30.67,69.33,3,0.03,ROUNDING_DOWN
2945,66,7.74,16.4,16.67,81.98,2,0.99,ROUNDING_DOWN
1637,50,8.0,20.49,21.03,76.98,1,0.33,ROUNDING_DOWN
2266,58,8.96,37.23,38.26,60.07,2,0.7,ROUNDING_DOWN
241,21,99.59,35.34,35.34,64.66,2,0.0,ROUNDING_DOWN
249,24,99.6,3.32,3.32,96.68,2,0.0,ROUNDING_DOWN
1454,48,2.96,15.44,23.78,49.48,1,0.12,ROUNDING_DOWN
2829,65,1.98,25.14,34.6,47.53,1,0.29,ROUNDING_DOWN
356,26,9.27,30.54,85.25,5.28,3,0.03,ROUNDING_DOWN
1412,47,3.12,22.95,30.3,52.79,1,0.13,ROUNDING_DOWN
6272,94,0.59,15.8,46.92,17.88,1,0.51,ROUNDING_DOWN
721,35,99.86,11.42,11.42,88.58,3,0.01,ROUNDING_DOWN
154,19,99.35,6.95,6.95,93.05,1,0.0,ROUNDING_DOWN
3815,75,1.76,31.74,46.07,37.15,1,0.5,ROUNDING_DOWN
1668,51,10.37,46.96,48.32,50.22,2,0.44,ROUNDING_DOWN
3920,76,99.97,9.82,9.82,90.18,2,0.03,ROUNDING_DOWN
1155,43,5.19,31.3,35.55,56.75,1,0.12,ROUNDING_DOWN
292,23,13.7,40.4,48.11,43.57,2,0.03,ROUNDING_DOWN
867,38,99.88,52.51,52.51,47.49,3,0.01,ROUNDING_DOWN
291,24,99.66,32.13,32.13,67.87,3,0.0,ROUNDING_DOWN
199,20,5.53,25.93,44.83,31.92,1,0.01,ROUNDING_DOWN
618,33,9.55,68.03,79.69,17.34,3,0.07,ROUNDING_DOWN
3376,70,2.01,18.88,25.24,55.92,1,0.43,ROUNDING_DOWN
4735,83,6.88,67.05,69.14,29.92,3,2.57,ROUNDING_DOWN
1775,52,8.51,56.59,60.28,37.29,2,0.49,ROUNDING_DOWN
462,29,99.78,9.14,9.14,90.86,3,0.0,ROUNDING_DOWN
4793,83,1.59,23.8,34.17,45.85,1,0.69,ROUNDING_DOWN
2549,61,7.22,63.97,71.99,24.88,3,0.73,ROUNDING_DOWN
3763,74,99.97,45.69,45.69,54.31,3,0.03,ROUNDING_DOWN
3035,67,1.61,25.22,44.74,31.15,1,0.29,ROUNDING_DOWN
4300,79,99.98,28.85,28.85,71.15,3,0.03,ROUNDING_DOWN
1909,54,99.95,24.61,24.61,75.39,3,0.01,ROUNDING_DOWN
537,30,3.72,14.66,30.26,33.79,1,0.03,ROUNDING_DOWN
1102,43,99.91,10.09,10.09,89.91,1,0.01,ROUNDING_DOWN
383,26,99.74,38.34,38.34,61.66,3,0.0,ROUNDING_DOWN
2897,66,5.59,62.63,75.04,20.83,3,0.74,ROUNDING_DOWN
1140,42,99.91,15.28,15.28,84.72,2,0.01,ROUNDING_DOWN
1077,41,99.91,11.49,11.49,88.51,1,0.01,ROUNDING_DOWN
570,31,99.82,28.97,28.97,71.03,3,0.0,ROUNDING_DOWN
492,29,25.2,67.81,70.0,29.06,3,0.09,ROUNDING_DOWN
4523,81,99.98,15.78,15.78,84.22,2,0.03,ROUNDING_DOWN
1753,52,1.08,6.4,37.71,10.57,1,0.08,ROUNDING_DOWN
200,21,99.5,15.21,15.21,84.79,2,0.0,ROUNDING_DOWN
5690,90,99.98,13.92,13.92,86.08,3,0.04,ROUNDING_DOWN
676,34,99.85,28.09,28.09,71.91,2,0.0,ROUNDING_DOWN
2794,64,1.22,19.25,38.43,30.84,1,0.2,ROUNDING_DOWN
271,23,99.63,30.21,30.21,69.79,2,0.0,ROUNDING_DOWN
491,30,25.25,66.95,68.39,30.94,3,0.09,ROUNDING_DOWN
1925,55,99.95,14.01,14.01,85.99,2,0.01,ROUNDING_DOWN
4246,78,2.28,44.0,69.28,19.52,2,0.71,ROUNDING_DOWN
26,10,0.0,0.0,0.0,33.2,1,0.0,ROUNDING_DOWN
2646,63,99.96,16.64,16.64,83.36,2,0.02,ROUNDING_DOWN
1329,45,1.81,18.61,44.2,23.49,1,0.07,ROUNDING_DOWN
6568,96,2.82,49.24,60.32,32.39,2,1.96,ROUNDING_DOWN
2304,59,99.96,23.9,23.9,76.1,3,0.02,ROUNDING_DOWN
391,27,12.53,44.84,53.17,39.49,2,0.04,ROUNDING_DOWN
955,40,1.36,16.15,42.81,21.58,1,0.04,ROUNDING_DOWN
359,26,6.69,29.98,54.54,24.99,2,0.04,ROUNDING_DOWN
723,35,99.86,43.14,43.14,56.86,3,0.0,ROUNDING_DOWN
391,27,99.74,9.79,9.79,90.21,1,0.0,ROUNDING_DOWN
235,21,99.57,32.42,32.42,67.58,2,0.0,ROUNDING_DOWN
212,21,99.53,19.89,19.89,80.11,3,0.0,ROUNDING_DOWN
2381,60,4.83,62.5,81.29,14.39,3,0.48,ROUNDING_DOWN
2188,58,1.01,15.54,42.75,20.81,1,0.13,ROUNDING_DOWN
4949,84,5.46,65.32,70.51,27.32,3,2.12,ROUNDING_DOWN
704,35,5.82,13.24,14.71,76.76,1,0.06,ROUNDING_DOWN
3051,67,99.97,22.51,22.51,77.49,2,0.02,ROUNDING_DOWN
6842,98,2.34,19.7,21.54,71.75,1,1.69,ROUNDING_DOWN
236,21,99.58,33.91,33.91,66.09,2,0.0,ROUNDING_DOWN
1548,49,3.1,18.66,24.4,57.8,1,0.14,ROUNDING_DOWN
5302,88,99.98,5.82,5.82,94.18,3,0.04,ROUNDING_DOWN
2490,61,99.96,25.56,25.56,74.44,3,0.02,ROUNDING_DOWN
424,28,99.76,48.98,48.98,51.02,2,0.0,ROUNDING_DOWN
564,31,13.3,35.38,37.87,58.03,2,0.07,ROUNDING_DOWN
1910,55,1.78,15.61,38.78,24.65,1,0.13,ROUNDING_DOWN
4197,77,5.58,29.34,30.94,65.48,2,1.52,ROUNDING_DOWN
1104,42,99.91,39.27,39.27,60.73,2,0.02,ROUNDING_DOWN
1550,49,99.94,51.3,51.3,48.7,3,0.01,ROUNDING_DOWN
645,33,99.84,24.46,24.46,75.54,3,0.0,ROUNDING_DOWN
609,33,4.27,36.99,84.52,6.78,3,0.04,ROUNDING_DOWN
1248,45,4.89,49.08,64.1,27.48,2,0.15,ROUNDING_DOWN
4479,81,99.98,6.93,6.93,93.07,1,0.03,ROUNDING_DOWN
1120,42,3.3,22.57,32.33,47.23,1,0.1,ROUNDING_DOWN
2906,67,99.97,5.21,5.21,94.79,2,0.02,ROUNDING_DOWN
101,16,16.83,33.8,75.0,11.27,2,0.01,ROUNDING_DOWN
3294,70,0.85,15.98,44.95,19.57,1,0.2,ROUNDING_DOWN
164,18,99.39,63.32,63.32,36.68,3,0.0,ROUNDING_DOWN
217,21,99.54,17.65,17.65,82.35,3,0.0,ROUNDING_DOWN
313,24,3.83,26.1,48.6,27.6,1,0.01,ROUNDING_DOWN
1307,45,4.59,25.82,32.36,53.97,1,0.15,ROUNDING_DOWN
1695,51,99.94,27.94,27.94,72.06,2,0.01,ROUNDING_DOWN
500,29,10.2,42.75,58.06,30.88,2,0.05,ROUNDING_DOWN
227,21,18.94,62.64,73.31,22.81,2,0.02,ROUNDING_DOWN
4703,82,3.21,46.19,57.33,34.38,2,1.15,ROUNDING_DOWN
578,31,99.83,59.95,59.95,40.05,2,0.0,ROUNDING_DOWN
5227,87,5.24,65.57,71.16,26.57,3,2.15,ROUNDING_DOWN
7087,100,99.99,20.33,20.33,79.67,3,0.05,ROUNDING_DOWN
2113,57,99.95,21.5,21.5,78.5,3,0.01,ROUNDING_DOWN
6975,99,4.33,15.75,16.28,80.99,2,3.29,ROUNDING_DOWN
3807,74,99.97,8.56,8.56,91.44,3,0.04,ROUNDING_DOWN
1186,44,0.17,11.85,75.0,3.95,2,0.03,ROUNDING_DOWN
262,22,11.45,41.67,56.92,31.54,2,0.02,ROUNDING_DOWN
1717,51,2.04,24.03,41.48,33.89,1,0.13,ROUNDING_DOWN
624,32,99.84,20.24,20.24,79.76,3,0.0,ROUNDING_DOWN
6259,94,3.28,57.36,76.32,17.8,3,2.05,ROUNDING_DOWN
2851,65,2.49,27.72,64.03,15.57,2,0.35,ROUNDING_DOWN
858,38,4.9,41.65,83.62,8.16,3,0.08,ROUNDING_DOWN
2971,67,99.97,10.29,10.29,89.71,3,0.02,ROUNDING_DOWN
3807,74,6.72,58.16,60.23,38.4,2,1.47,ROUNDING_DOWN
6944,99,99.99,47.7,47.7,52.3,3,0.05,ROUNDING_DOWN
3545,72,3.05,49.68,63.29,28.81,2,0.65,ROUNDING_DOWN
986,40,5.88,33.57,52.93,29.85,2,0.11,ROUNDING_DOWN
3935,76,2.67,41.82,83.88,8.04,3,0.69,ROUNDING_DOWN
5572,89,1.96,29.12,34.26,55.87,1,1.07,ROUNDING_DOWN
5246,87,2.06,43.97,67.68,21.0,2,0.97,ROUNDING_DOWN
1419,47,2.26,15.94,31.58,34.54,1,0.09,ROUNDING_DOWN
493,30,99.8,10.24,10.24,89.76,1,0.0,ROUNDING_DOWN
340,25,99.71,50.46,50.46,49.54,2,0.0,ROUNDING_DOWN
2435,61,1.81,24.26,72.83,9.05,2,0.23,ROUNDING_DOWN
3297,69,99.97,65.1,65.1,34.9,3,0.02,ROUNDING_DOWN
1744,53,99.94,9.86,9.86,90.14,2,0.01,ROUNDING_DOWN
1049,41,17.45,65.42,66.75,32.59,3,0.28,ROUNDING_DOWN
1803,53,7.82,56.01,65.69,29.26,3,0.4,ROUNDING_DOWN
6712,97,99.99,33.74,33.74,66.26,3,0.04,ROUNDING_DOWN
537,30,11.73,34.01,47.74,37.23,2,0.06,ROUNDING_DOWN
367,26,12.26,26.41,30.68,59.68,1,0.03,ROUNDING_DOWN
1103,42,8.88,70.45,79.85,17.78,3,0.19,ROUNDING_DOWN
3467,71,2.74,30.84,57.68,22.63,2,0.55,ROUNDING_DOWN
3632,73,0.83,19.25,45.13,23.41,1,0.22,ROUNDING_DOWN
657,33,13.24,69.47,80.09,17.26,3,0.12,ROUNDING_DOWN
2838,65,3.42,46.86,64.33,25.98,2,0.45,ROUNDING_DOWN
1178,43,99.92,31.33,31.33,68.67,3,0.01,ROUNDING_DOWN
1340,46,10.3,12.76,12.89,86.24,1,0.28,ROUNDING_DOWN
3276,69,4.0,49.48,60.58,32.19,2,0.69,ROUNDING_DOWN
979,39,2.35,22.08,37.32,37.08,1,0.05,ROUNDING_DOWN
76,14,14.47,31.31,75.0,10.44,2,0.0,ROUNDING_DOWN
2697,63,17.54,23.75,23.76,76.19,2,1.73,ROUNDING_DOWN
256,22,19.14,60.61,72.71,22.74,3,0.03,ROUNDING_DOWN
6669,97,1.68,23.88,31.59,51.73,1,1.19,ROUNDING_DOWN
4327,79,99.98,27.66,27.66,72.34,3,0.03,ROUNDING_DOWN
2515,62,99.96,20.0,20.0,80.0,3,0.02,ROUNDING_DOWN
412,28,5.34,13.59,36.62,23.52,1,0.02,ROUNDING_DOWN
1519,50,1.65,21.98,75.0,7.33,2,0.1,ROUNDING_DOWN
3428,71,3.7,52.98,77.74,15.17,3,0.73,ROUNDING_DOWN
6418,96,0.97,15.95,68.96,7.18,2,0.73,ROUNDING_DOWN
1316,46,0.68,8.48,50.0,8.48,1,0.04,ROUNDING_DOWN
1596,50,3.51,44.31,69.51,19.44,2,0.16,ROUNDING_DOWN
2928,66,5.77,27.58,28.44,69.4,1,0.77,ROUNDING_DOWN
6272,94,6.87,62.15,63.94,35.05,3,3.91,ROUNDING_DOWN
199,20,99.5,22.71,22.71,77.29,1,0.0,ROUNDING_DOWN
2856,65,3.19,42.19,63.46,24.29,2,0.45,ROUNDING_DOWN
5572,89,99.98,16.97,16.97,83.03,1,0.04,ROUNDING_DOWN
2872,66,0.63,7.1,50.0,7.1,1,0.13,ROUNDING_DOWN
3593,72,7.26,25.03,25.55,72.91,2,1.4,ROUNDING_DOWN
116,16,99.14,11.98,11.98,88.02,2,0.0,ROUNDING_DOWN
300,23,99.67,39.39,39.39,60.61,2,0.0,ROUNDING_DOWN
622,33,5.79,8.03,8.92,81.99,1,0.04,ROUNDING_DOWN
2920,66,11.82,43.71,44.15,55.3,2,1.43,ROUNDING_DOWN
6044,93,2.3,45.55,78.71,12.32,3,1.37,ROUNDING_DOWN
3258,69,1.63,17.25,25.8,49.59,1,0.31,ROUNDING_DOWN
3692,73,99.97,32.76,32.76,67.24,3,0.02,ROUNDING_DOWN
4567,81,2.23,30.04,36.45,52.37,1,0.75,ROUNDING_DOWN
229,22,10.92,49.31,85.14,8.6,3,0.02,ROUNDING_DOWN
486,30,4.94,19.18,29.33,46.22,1,0.04,ROUNDING_DOWN
40,11,2.5,6.25,50.0,6.25,1,0.0,ROUNDING_DOWN
3477,72,5.15,21.11,21.9,75.31,1,0.93,ROUNDING_DOWN
1630,50,99.94,61.74,61.74,38.26,3,0.01,ROUNDING_DOWN
2209,59,4.07,47.64,79.59,12.22,3,0.36,ROUNDING_DOWN
308,25,99.68,13.76,13.76,86.24,3,0.0,ROUNDING_DOWN
3863,76,99.97,8.21,8.21,91.79,1,0.02,ROUNDING_DOWN
3090,67,3.79,43.99,52.97,39.06,2,0.58,ROUNDING_DOWN
2135,57,3.42,42.23,62.46,25.39,2,0.27,ROUNDING_DOWN
128,18,11.72,46.74,85.56,7.89,3,0.01,ROUNDING_DOWN
65,13,1.54,24.66,50.0,24.66,1,0.0,ROUNDING_DOWN
4809,83,1.87,30.67,40.05,45.91,1,0.7,ROUNDING_DOWN
2330,59,2.75,21.95,27.71,57.28,1,0.26,ROUNDING_DOWN
961,41,2.19,14.95,87.5,2.14,3,0.06,ROUNDING_DOWN
34,11,97.06,22.36,22.36,77.64,3,0.0,ROUNDING_DOWN
156,18,18.59,21.45,22.87,72.34,2,0.01,ROUNDING_DOWN
253,22,99.6,10.69,10.69,89.31,3,0.0,ROUNDING_DOWN
3290,70,99.97,10.36,10.36,89.64,1,0.02,ROUNDING_DOWN
6982,99,1.0,20.17,38.7,31.95,1,0.84,ROUNDING_DOWN
1849,53,11.25,32.66,33.34,65.31,2,0.58,ROUNDING_DOWN
5401,87,99.98,38.7,38.7,61.3,3,0.04,ROUNDING_DOWN
1167,44,99.91,17.14,17.14,82.86,1,0.01,ROUNDING_DOWN
3367,70,99.97,29.26,29.26,70.74,3,0.02,ROUNDING_DOWN
366,26,99.73,15.79,15.79,84.21,3,0.0,ROUNDING_DOWN
32,10,96.88,69.24,69.24,30.76,3,0.0,ROUNDING_DOWN
6752,97,4.44,61.47,69.49,26.99,3,3.05,ROUNDING_DOWN
1455,47,99.93,35.44,35.44,64.56,3,0.01,ROUNDING_DOWN
6641,97,3.54,28.73,29.91,67.31,1,2.35,ROUNDING_DOWN
769,36,5.59,26.14,36.35,45.77,1,0.07,ROUNDING_DOWN
2829,65,99.96,7.7,7.7,92.3,3,0.02,ROUNDING_DOWN
1567,49,99.94,36.39,36.39,63.61,2,0.01,ROUNDING_DOWN
1868,53,99.95,29.12,29.12,70.88,3,0.01,ROUNDING_DOWN
6815,98,3.82,15.17,15.54,82.44,1,2.61,ROUNDING_DOWN
6571,97,1.03,19.33,71.37,7.75,2,0.8,ROUNDING_DOWN
123,17,11.38,18.41,39.17,28.59,1,0.01,ROUNDING_DOWN
171,18,27.49,54.04,61.74,33.48,2,0.01,ROUNDING_DOWN
1832,53,4.37,18.3,20.81,69.63,1,0.26,ROUNDING_DOWN
1624,50,1.97,17.14,39.59,26.15,1,0.11,ROUNDING_DOWN
7125,100,99.99,54.19,54.19,45.81,3,0.07,ROUNDING_DOWN
6849,98,7.81,65.4,65.9,33.84,3,5.26,ROUNDING_DOWN
5304,87,4.9,61.08,68.98,27.47,3,2.08,ROUNDING_DOWN
187,20,22.46,53.53,66.99,26.37,3,0.02,ROUNDING_DOWN
6008,93,99.98,7.91,7.91,92.09,2,0.04,ROUNDING_DOWN
5654,90,3.71,21.8,22.62,74.59,1,1.78,ROUNDING_DOWN
440,28,19.32,63.31,70.05,27.07,3,0.06,ROUNDING_DOWN
2079,57,99.95,16.7,16.7,83.3,3,0.02,ROUNDING_DOWN_2
6165,94,1.67,30.9,66.63,15.48,3,1.5,ROUNDING_DOWN_2
1649,50,4.06,43.89,54.33,36.89,3,0.29,ROUNDING_DOWN_2
4395,80,2.03,40.21,67.21,19.61,3,1.13,ROUNDING_DOWN_2
6512,96,99.98,35.62,35.62,64.38,3,0.05,ROUNDING_DOWN_2
214,23,99.53,1.33,1.33,98.67,1,0.0,ROUNDING_DOWN_2
4670,82,2.89,44.59,59.88,29.88,3,1.46,ROUNDING_DOWN_2
3656,73,0.77,10.63,47.03,11.98,2,0.29,ROUNDING_DOWN_2
1960,55,99.95,28.57,28.57,71.43,2,0.02,ROUNDING_DOWN_2
4314,79,99.98,29.85,29.85,70.15,3,0.03,ROUNDING_DOWN_2
411,27,0.0,0.0,0.0,85.46,1,0.01,ROUNDING_DOWN_2
4417,80,99.98,18.32,18.32,81.68,3,0.03,ROUNDING_DOWN_2
138,17,13.04,25.65,72.12,9.92,3,0.01,ROUNDING_DOWN_2
3716,74,1.16,14.35,42.62,19.32,2,0.46,ROUNDING_DOWN_2
4193,78,0.0,0.0,0.0,51.88,1,0.07,ROUNDING_DOWN_2
4981,85,0.0,0.0,0.0,85.91,1,0.08,ROUNDING_DOWN_2
113,15,7.08,25.81,50.0,25.81,2,0.01,ROUNDING_DOWN_2
4674,83,99.98,6.71,6.71,93.29,1,0.04,ROUNDING_DOWN_2
6540,96,99.98,25.81,25.81,74.19,2,0.05,ROUNDING_DOWN_2
381,26,0.0,0.0,0.0,85.42,1,0.01,ROUNDING_DOWN_2
5245,87,0.0,0.0,0.0,36.19,1,0.09,ROUNDING_DOWN_2
3574,72,1.59,18.94,29.32,45.66,2,0.56,ROUNDING_DOWN_2
1167,43,99.91,36.06,36.06,63.94,2,0.01,ROUNDING_DOWN_2
1465,50,99.93,5.65,5.65,94.35,2,0.01,ROUNDING_DOWN_2
604,32,10.76,48.03,55.65,38.27,3,0.1,ROUNDING_DOWN_2
1191,43,4.95,39.66,50.53,38.83,3,0.19,ROUNDING_DOWN_2
2413,60,0.0,0.0,0.0,68.15,1,0.06,ROUNDING_DOWN_2
33,11,0.0,0.0,0.0,19.04,1,0.0,ROUNDING_DOWN_2
178,19,8.43,36.15,52.66,32.5,3,0.01,ROUNDING_DOWN_2
160,18,99.38,28.61,28.61,71.39,2,0.0,ROUNDING_DOWN_2
653,33,7.96,48.06,66.01,24.74,3,0.11,ROUNDING_DOWN_2
2642,63,99.96,6.43,6.43,93.57,3,0.02,ROUNDING_DOWN_2
4003,76,4.02,47.7,57.57,35.16,3,1.48,ROUNDING_DOWN_2
214,21,0.0,0.0,0.0,63.48,1,0.0,ROUNDING_DOWN_2
2771,64,3.28,22.04,25.83,63.27,2,0.53,ROUNDING_DOWN_2
1130,43,99.91,33.3,33.3,66.7,2,0.01,ROUNDING_DOWN_2
212,20,99.53,53.72,53.72,46.28,2,0.0,ROUNDING_DOWN_2
300,23,99.67,40.13,40.13,59.87,2,0.0,ROUNDING_DOWN_2
4550,81,99.98,39.17,39.17,60.83,3,0.03,ROUNDING_DOWN_2
7096,100,99.99,23.78,23.78,76.22,3,0.05,ROUNDING_DOWN_2
200,20,10.5,36.01,73.67,12.87,3,0.01,ROUNDING_DOWN_2
5583,89,99.98,21.64,21.64,78.36,3,0.06,ROUNDING_DOWN_2
230,21,1.3,7.14,50.0,7.14,2,0.01,ROUNDING_DOWN_2
5750,90,99.98,38.93,38.93,61.07,3,0.05,ROUNDING_DOWN_2
5042,85,99.98,22.04,22.04,77.96,2,0.05,ROUNDING_DOWN_2
2427,60,3.46,38.89,54.21,32.85,3,0.53,ROUNDING_DOWN_2
6178,93,1.93,26.28,32.32,55.03,2,1.69,ROUNDING_DOWN_2
3863,76,99.97,2.91,2.91,97.09,1,0.03,ROUNDING_DOWN_2
2385,60,3.23,28.52,36.0,50.7,2,0.5,ROUNDING_DOWN_2
3629,72,1.6,27.62,39.14,42.95,2,0.57,ROUNDING_DOWN_2
312,24,0.0,0.0,0.0,62.33,1,0.01,ROUNDING_DOWN_2
2835,65,0.0,0.0,0.0,40.93,1,0.06,ROUNDING_DOWN_2
2773,64,0.0,0.0,0.0,37.81,1,0.04,ROUNDING_DOWN_2
5703,90,1.19,26.31,69.25,11.69,3,0.97,ROUNDING_DOWN_2
6047,93,0.0,0.0,0.0,89.46,1,0.11,ROUNDING_DOWN_2
1529,49,1.77,14.61,48.03,15.81,2,0.11,ROUNDING_DOWN_2
287,24,3.14,11.73,44.47,14.65,2,0.01,ROUNDING_DOWN_2
1890,54,0.0,0.0,0.0,12.63,1,0.03,ROUNDING_DOWN_2
2894,66,99.97,11.47,11.47,88.53,3,0.02,ROUNDING_DOWN_2
1795,52,6.46,39.17,45.93,46.1,3,0.46,ROUNDING_DOWN_2
5349,87,0.88,25.74,45.93,30.3,2,0.6,ROUNDING_DOWN_2
139,18,0.0,0.0,0.0,10.06,1,0.0,ROUNDING_DOWN_2
150,18,4.67,11.49,30.51,26.18,2,0.01,ROUNDING_DOWN_2
1760,52,99.94,16.82,16.82,83.18,3,0.01,ROUNDING_DOWN_2
849,38,99.88,12.92,12.92,87.08,3,0.01,ROUNDING_DOWN_2
1694,51,2.24,19.11,35.49,34.74,2,0.17,ROUNDING_DOWN_2
814,37,1.47,7.6,42.18,10.41,2,0.04,ROUNDING_DOWN_2
1243,44,5.07,30.72,34.42,58.52,2,0.22,ROUNDING_DOWN_2
3279,70,0.0,0.0,0.0,33.44,1,0.05,ROUNDING_DOWN_2
5455,89,0.86,29.33,72.58,11.08,3,0.68,ROUNDING_DOWN_2
613,32,99.84,40.6,40.6,59.4,3,0.01,ROUNDING_DOWN_2
2870,65,3.8,21.05,23.31,69.22,2,0.61,ROUNDING_DOWN_2
1952,55,99.95,10.83,10.83,89.17,3,0.03,ROUNDING_DOWN_2
1032,41,99.9,23.06,23.06,76.94,2,0.01,ROUNDING_DOWN_2
1156,44,1.56,27.42,75.0,9.14,3,0.07,ROUNDING_DOWN_2
3019,67,2.95,44.55,66.53,22.42,3,0.65,ROUNDING_DOWN_2
3518,72,0.0,0.0,0.0,8.66,1,0.07,ROUNDING_DOWN_2
1890,54,99.95,18.87,18.87,81.13,3,0.01,ROUNDING_DOWN_2
123,16,19.51,43.5,65.65,22.76,3,0.01,ROUNDING_DOWN_2
6722,97,99.99,32.83,32.83,67.17,3,0.07,ROUNDING_DOWN_2
1065,41,5.35,39.21,63.14,22.89,3,0.17,ROUNDING_DOWN_2
423,27,99.76,68.17,68.17,31.83,3,0.0,ROUNDING_DOWN_2
3088,68,1.49,26.77,72.27,10.27,3,0.44,ROUNDING_DOWN_2
6369,95,0.39,7.44,47.6,8.19,2,0.43,ROUNDING_DOWN_2
613,33,99.84,14.56,14.56,85.44,1,0.01,ROUNDING_DOWN_2
3835,74,0.0,0.0,0.0,65.63,1,0.08,ROUNDING_DOWN_2
2106,58,0.14,7.51,50.0,7.51,2,0.06,ROUNDING_DOWN_2
6112,93,99.98,27.18,27.18,72.82,2,0.06,ROUNDING_DOWN_2
6441,95,0.0,0.0,0.0,60.5,1,0.12,ROUNDING_DOWN_2
2823,65,1.06,9.04,37.6,14.99,2,0.25,ROUNDING_DOWN_2
126,16,99.21,45.45,45.45,54.55,3,0.0,ROUNDING_DOWN_2
5789,91,0.71,19.92,46.59,22.83,2,0.61,ROUNDING_DOWN_2
3917,76,0.0,0.0,0.0,86.82,1,0.09,ROUNDING_DOWN_2
486,29,99.79,17.55,17.55,82.45,2,0.01,ROUNDING_DOWN_2
4041,76,0.0,0.0,0.0,61.05,1,0.07,ROUNDING_DOWN_2
996,40,2.41,12.78,38.45,20.46,2,0.08,ROUNDING_DOWN_2
324,25,1.85,11.32,63.39,6.54,3,0.01,ROUNDING_DOWN_2
786,36,0.0,0.0,0.0,74.1,1,0.03,ROUNDING_DOWN_2
2789,64,4.02,51.11,65.78,26.59,3,0.72,ROUNDING_DOWN_2
564,31,99.82,28.61,28.61,71.39,3,0.0,ROUNDING_DOWN_2
2486,61,2.53,26.8,35.87,47.92,2,0.39,ROUNDING_DOWN_2
1600,49,99.94,34.28,34.28,65.72,3,0.03,ROUNDING_DOWN_2
1176,44,99.91,8.03,8.03,91.97,1,0.01,ROUNDING_DOWN_2
6696,98,99.99,4.44,4.44,95.56,1,0.05,ROUNDING_DOWN_2
546,30,99.82,48.58,48.58,51.42,3,0.0,ROUNDING_DOWN_2
3688,74,0.0,0.0,0.0,22.74,1,0.08,ROUNDING_DOWN_2
68,13,0.0,0.0,0.0,12.68,1,0.0,ROUNDING_DOWN_2
288,23,99.65,32.0,32.0,68.0,3,0.0,ROUNDING_DOWN_2
334,25,0.0,0.0,0.0,53.47,1,0.01,ROUNDING_DOWN_2
2085,56,3.5,24.38,28.72,60.52,2,0.34,ROUNDING_DOWN_2
188,20,99.47,22.85,22.85,77.15,1,0.0,ROUNDING_DOWN_2
5266,87,0.82,20.15,43.4,26.28,2,0.55,ROUNDING_DOWN_2
1539,49,2.92,16.61,28.91,40.85,2,0.21,ROUNDING_DOWN_2
547,31,99.82,11.43,11.43,88.57,1,0.01,ROUNDING_DOWN_2
1269,45,2.6,17.53,37.5,29.23,2,0.12,ROUNDING_DOWN_2
2981,66,4.29,51.65,64.22,28.78,3,0.89,ROUNDING_DOWN_2
6096,93,1.23,22.94,33.2,46.16,2,1.2,ROUNDING_DOWN_2
4943,84,0.67,12.79,45.87,15.09,2,0.49,ROUNDING_DOWN_2
4004,77,99.98,8.31,8.31,91.69,3,0.03,ROUNDING_DOWN_2
1525,49,0.0,0.0,0.0,18.3,1,0.02,ROUNDING_DOWN_2
6590,97,0.38,10.68,49.86,10.74,2,0.48,ROUNDING_DOWN_2
319,25,0.0,0.0,0.0,52.05,1,0.01,ROUNDING_DOWN_2
5587,89,0.0,0.0,0.0,30.83,1,0.1,ROUNDING_DOWN_2
3055,68,0.0,0.0,0.0,5.02,1,0.07,ROUNDING_DOWN_2
1027,41,0.0,0.0,0.0,31.16,1,0.02,ROUNDING_DOWN_2
1297,45,99.92,16.17,16.17,83.83,3,0.01,ROUNDING_DOWN_2
2681,63,0.0,0.0,0.0,42.96,1,0.04,ROUNDING_DOWN_2
5521,89,0.0,0.0,0.0,89.04,1,0.09,ROUNDING_DOWN_2
3248,69,0.0,0.0,0.0,32.95,1,0.07,ROUNDING_DOWN_2
5973,92,1.93,41.03,65.84,21.29,3,1.73,ROUNDING_DOWN_2
1001,41,99.9,9.27,9.27,90.73,2,0.01,ROUNDING_DOWN_2
1561,49,99.94,50.7,50.7,49.3,2,0.01,ROUNDING_DOWN_2
426,28,99.77,27.44,27.44,72.56,3,0.0,ROUNDING_DOWN_2
4300,79,99.98,44.0,44.0,56.0,3,0.03,ROUNDING_DOWN_2
1826,53,2.46,24.43,72.26,9.38,3,0.27,ROUNDING_DOWN_2
5747,91,0.0,0.0,0.0,12.82,1,0.08,ROUNDING_DOWN_2
183,19,99.45,13.32,13.32,86.68,1,0.0,ROUNDING_DOWN_2
1582,49,0.0,0.0,0.0,77.3,1,0.04,ROUNDING_DOWN_2
98,15,98.98,56.9,56.9,43.1,3,0.0,ROUNDING_DOWN_2
403,27,99.75,69.64,69.64,30.36,3,0.0,ROUNDING_DOWN_2
4891,84,99.98,31.51,31.51,68.49,2,0.03,ROUNDING_DOWN_2
1792,52,0.0,0.0,0.0,76.79,1,0.03,ROUNDING_DOWN_2
1768,53,99.94,7.76,7.76,92.24,2,0.01,ROUNDING_DOWN_2
66,12,0.0,0.0,0.0,29.96,1,0.0,ROUNDING_DOWN_2
6114,93,99.98,40.1,40.1,59.9,3,0.04,ROUNDING_DOWN_2
1483,48,99.93,14.89,14.89,85.11,2,0.01,ROUNDING_DOWN_2
1052,41,99.9,33.08,33.08,66.92,3,0.01,ROUNDING_DOWN_2
2554,62,0.67,7.0,39.65,10.66,2,0.16,ROUNDING_DOWN_2
1309,46,2.29,22.82,40.29,33.83,2,0.12,ROUNDING_DOWN_2
1117,43,0.0,0.0,0.0,10.17,1,0.02,ROUNDING_DOWN_2
1240,44,4.68,30.29,38.07,49.29,2,0.17,ROUNDING_DOWN_2
188,20,99.47,9.19,9.19,90.81,1,0.0,ROUNDING_DOWN_2
5331,88,99.98,4.74,4.74,95.26,2,0.06,ROUNDING_DOWN_2
1026,41,7.02,49.9,61.2,31.63,3,0.2,ROUNDING_DOWN_2
2432,60,99.96,35.29,35.29,64.71,2,0.02,ROUNDING_DOWN_2
7078,100,3.69,51.6,55.72,41.0,3,3.69,ROUNDING_DOWN_2
3758,74,99.97,34.94,34.94,65.06,3,0.03,ROUNDING_DOWN_2
2756,64,0.0,0.0,0.0,73.63,1,0.04,ROUNDING_DOWN_2
622,33,3.05,11.61,28.19,29.58,2,0.04,ROUNDING_DOWN_2
2061,57,0.05,3.11,50.0,3.11,2,0.04,ROUNDING_DOWN_2
911,38,2.74,19.68,37.25,33.15,2,0.06,ROUNDING_DOWN_2
833,38,99.88,8.75,8.75,91.25,1,0.01,ROUNDING_DOWN_2
2024,55,0.0,0.0,0.0,58.04,1,0.03,ROUNDING_DOWN_2
4768,82,1.01,17.53,38.94,27.48,2,0.62,ROUNDING_DOWN_2
89,14,0.0,0.0,0.0,51.15,1,0.0,ROUNDING_DOWN_2
1540,49,0.52,11.51,50.0,11.51,2,0.06,ROUNDING_DOWN_2
26,11,96.15,1.42,1.42,98.58,3,0.0,ROUNDING_DOWN_2
3101,67,2.93,46.31,68.86,20.94,3,0.73,ROUNDING_DOWN_2
511,30,99.8,50.36,50.36,49.64,3,0.0,ROUNDING_DOWN_2
402,27,2.99,22.47,50.0,22.47,2,0.02,ROUNDING_DOWN_2
966,40,0.0,0.0,0.0,17.78,1,0.01,ROUNDING_DOWN_2
3006,66,2.13,24.05,32.43,50.1,2,0.48,ROUNDING_DOWN_2
3300,71,99.97,5.82,5.82,94.18,1,0.02,ROUNDING_DOWN_2
2060,56,99.95,13.57,13.57,86.43,3,0.01,ROUNDING_DOWN_2
3434,71,0.67,6.53,46.85,7.41,2,0.26,ROUNDING_DOWN_2
6018,93,99.98,5.13,5.13,94.87,2,0.05,ROUNDING_DOWN_2
3012,67,99.97,13.72,13.72,86.28,3,0.02,ROUNDING_DOWN_2
2283,59,3.15,40.41,63.18,23.54,3,0.39,ROUNDING_DOWN_2
6921,99,2.56,46.67,59.96,31.17,3,2.52,ROUNDING_DOWN_2
1133,42,99.91,51.36,51.36,48.64,3,0.01,ROUNDING_DOWN_2
4637,81,0.0,0.0,0.0,50.68,1,0.08,ROUNDING_DOWN_2
4637,82,99.98,55.55,55.55,44.45,3,0.03,ROUNDING_DOWN_2
1335,46,99.93,40.3,40.3,59.7,3,0.01,ROUNDING_DOWN_2
4854,85,99.98,7.9,7.9,92.1,3,0.03,ROUNDING_DOWN_2
71,14,0.0,0.0,0.0,62.64,1,0.0,ROUNDING_DOWN_2
708,35,0.0,0.0,0.0,82.92,1,0.01,ROUNDING_DOWN_2
3257,69,99.97,43.99,43.99,56.01,3,0.02,ROUNDING_DOWN_2
180,20,99.44,49.25,49.25,50.75,3,0.0,ROUNDING_DOWN_2
3158,68,5.41,46.76,50.62,45.61,3,0.98,ROUNDING_DOWN_2
4707,83,0.0,0.0,0.0,11.1,1,0.07,ROUNDING_DOWN_2
2011,55,3.63,27.72,32.44,57.73,2,0.36,ROUNDING_DOWN_2
999,40,3.1,20.84,42.28,28.45,2,0.08,ROUNDING_DOWN_2
1527,49,0.0,0.0,0.0,24.2,1,0.02,ROUNDING_DOWN_2
6486,96,99.98,5.15,5.15,94.85,3,0.06,ROUNDING_DOWN_2
2476,61,1.37,12.48,33.46,24.81,2,0.22,ROUNDING_DOWN_2
1807,53,1.88,21.65,41.61,30.38,2,0.16,ROUNDING_DOWN_2
6448,95,0.81,20.24,40.77,29.4,2,0.81,ROUNDING_DOWN_2
3826,75,1.28,18.81,42.89,25.04,2,0.48,ROUNDING_DOWN_2
2248,58,0.0,0.0,0.0,68.53,1,0.03,ROUNDING_DOWN_2
2654,63,1.88,21.81,33.95,42.43,2,0.38,ROUNDING_DOWN_2
2707,64,99.96,13.61,13.61,86.39,2,0.02,ROUNDING_DOWN_2
3643,73,1.45,15.17,27.4,40.18,2,0.53,ROUNDING_DOWN_2
6166,94,99.98,6.61,6.61,93.39,1,0.04,ROUNDING_DOWN_2
2640,63,1.02,13.31,45.01,16.26,2,0.19,ROUNDING_DOWN_2
1777,52,0.0,0.0,0.0,64.67,1,0.04,ROUNDING_DOWN_2
123,18,0.0,0.0,0.0,8.09,1,0.0,ROUNDING_DOWN_2
1391,46,2.95,30.73,42.98,40.76,2,0.12,ROUNDING_DOWN_2
154,18,13.64,33.46,72.87,12.46,3,0.01,ROUNDING_DOWN_2
5818,91,1.36,23.58,68.26,10.96,3,1.15,ROUNDING_DOWN_2
3677,73,0.0,0.0,0.0,86.33,1,0.06,ROUNDING_DOWN_2
197,19,99.49,41.31,41.31,58.69,3,0.0,ROUNDING_DOWN_2
422,28,0.0,0.0,0.0,58.93,1,0.01,ROUNDING_DOWN_2
3920,75,99.97,34.64,34.64,65.36,3,0.03,ROUNDING_DOWN_2
2820,65,99.96,17.75,17.75,82.25,3,0.02,ROUNDING_DOWN_2
1090,42,99.91,26.77,26.77,73.23,2,0.01,ROUNDING_DOWN_2
4182,78,0.0,0.0,0.0,17.5,1,0.08,ROUNDING_DOWN_2
2024,55,2.62,26.78,38.05,43.6,2,0.27,ROUNDING_DOWN_2
5656,90,99.98,52.63,52.63,47.37,3,0.04,ROUNDING_DOWN_2
2529,62,4.55,45.17,55.28,36.54,3,0.61,ROUNDING_DOWN_2
713,35,1.54,7.82,33.6,15.45,2,0.03,ROUNDING_DOWN_2
3673,75,0.0,0.0,0.0,1.21,1,0.05,ROUNDING_DOWN_2
1970,55,0.0,0.0,0.0,31.93,1,0.03,ROUNDING_DOWN_2
822,37,0.0,0.0,0.0,46.4,1,0.01,ROUNDING_DOWN_2
4023,77,0.0,0.0,0.0,16.97,1,0.07,ROUNDING_DOWN_2
4501,81,2.07,39.08,64.0,21.98,3,0.94,ROUNDING_DOWN_2
1451,48,99.93,24.68,24.68,75.32,2,0.01,ROUNDING_DOWN_2
1360,46,99.93,28.13,28.13,71.87,3,0.01,ROUNDING_DOWN_2
145,18,0.0,0.0,0.0,31.75,1,0.0,ROUNDING_DOWN_2
39,11,12.82,5.86,11.03,47.27,3,0.0,ROUNDING_DOWN_2
4323,80,0.0,0.0,0.0,7.32,1,0.06,ROUNDING_DOWN_2
5984,92,99.98,41.35,41.35,58.65,3,0.04,ROUNDING_DOWN_2
4175,78,0.0,0.0,0.0,28.4,1,0.06,ROUNDING_DOWN_2
270,22,99.63,54.81,54.81,45.19,3,0.0,ROUNDING_DOWN_2
75,13,98.67,34.42,34.42,65.58,1,0.0,ROUNDING_DOWN_2
2010,56,5.02,37.45,44.74,46.25,3,0.46,ROUNDING_DOWN_2
2946,67,0.0,0.0,0.0,13.25,1,0.04,ROUNDING_DOWN_2
3655,73,0.0,0.0,0.0,10.58,1,0.07,ROUNDING_DOWN_2
109,15,99.08,22.78,22.78,77.22,3,0.0,ROUNDING_DOWN_2
1138,43,99.91,11.98,11.98,88.02,3,0.01,ROUNDING_DOWN_2
236,21,8.47,21.61,24.57,66.35,2,0.01,ROUNDING_DOWN_2
1362,46,99.93,26.13,26.13,73.87,3,0.01,ROUNDING_DOWN_2
792,37,0.13,7.06,50.0,7.06,2,0.01,ROUNDING_DOWN_2
38,10,97.37,56.25,56.25,43.75,3,0.0,ROUNDING_DOWN_2
776,36,99.87,10.76,10.76,89.24,3,0.01,ROUNDING_DOWN_2
779,38,2.95,9.26,68.74,4.21,3,0.04,ROUNDING_DOWN_2
2367,60,99.96,20.71,20.71,79.29,3,0.02,ROUNDING_DOWN_2
5227,86,2.33,27.2,32.53,56.42,2,1.15,ROUNDING_DOWN_2
2062,56,99.95,19.61,19.61,80.39,2,0.01,ROUNDING_DOWN_2
1896,54,0.0,0.0,0.0,69.42,1,0.03,ROUNDING_DOWN_2
3278,70,1.92,20.42,30.63,46.23,2,0.48,ROUNDING_DOWN_2
101,15,99.01,11.68,11.68,88.32,1,0.0,ROUNDING_DOWN_2
1167,43,0.0,0.0,0.0,61.23,1,0.02,ROUNDING_DOWN_2
6384,95,99.98,35.14,35.14,64.86,3,0.04,ROUNDING_DOWN_2
3471,72,0.81,19.62,73.89,6.93,3,0.27,ROUNDING_DOWN_2
2469,61,0.0,0.0,0.0,10.56,1,0.04,ROUNDING_DOWN_2
1062,42,1.51,10.04,50.0,10.04,2,0.05,ROUNDING_DOWN_2
5386,88,99.98,27.51,27.51,72.49,3,0.04,ROUNDING_DOWN_2
2033,56,99.95,15.18,15.18,84.82,2,0.02,ROUNDING_DOWN_2
1354,46,1.62,17.16,48.32,18.35,2,0.09,ROUNDING_DOWN_2
3083,67,99.97,23.21,23.21,76.79,2,0.02,ROUNDING_DOWN_2
153,17,99.35,64.55,64.55,35.45,3,0.0,ROUNDING_DOWN_2
134,17,11.19,24.16,43.53,31.34,3,0.01,ROUNDING_DOWN_2
4933,84,99.98,17.49,17.49,82.51,3,0.05,ROUNDING_DOWN_2
7181,100,99.99,66.98,66.98,33.02,3,0.05,ROUNDING_DOWN_2
1380,46,0.0,0.0,0.0,62.24,1,0.02,ROUNDING_DOWN_2
5054,85,0.0,0.0,0.0,42.69,1,0.07,ROUNDING_DOWN_2
1270,45,99.92,40.52,40.52,59.48,2,0.01,ROUNDING_DOWN_2
326,25,99.69,15.5,15.5,84.5,1,0.0,ROUNDING_DOWN_2
249,22,99.6,19.04,19.04,80.96,3,0.0,ROUNDING_DOWN_2
1287,45,0.0,0.0,0.0,71.35,1,0.03,ROUNDING_DOWN_2
3250,69,1.69,18.77,33.28,37.63,2,0.38,ROUNDING_DOWN_2
3946,75,99.97,50.1,50.1,49.9,3,0.03,ROUNDING_DOWN_2
100,15,0.0,0.0,0.0,23.57,1,0.0,ROUNDING_DOWN_2
561,32,99.82,19.88,19.88,80.12,1,0.0,ROUNDING_DOWN_2
210,21,99.52,8.08,8.08,91.92,3,0.0,ROUNDING_DOWN_2
1148,43,2.96,22.75,35.22,41.83,2,0.13,ROUNDING_DOWN_2
5482,88,2.97,39.5,51.86,36.67,3,1.83,ROUNDING_DOWN_2
4453,80,0.0,0.0,0.0,29.83,1,0.07,ROUNDING_DOWN_2
3973,77,99.97,7.32,7.32,92.68,2,0.03,ROUNDING_DOWN_2
3465,71,0.0,0.0,0.0,21.48,1,0.05,ROUNDING_DOWN_2
6676,97,99.99,23.5,23.5,76.5,2,0.06,ROUNDING_DOWN_2
2643,63,99.96,46.3,46.3,53.7,2,0.02,ROUNDING_DOWN_2
770,35,0.0,0.0,0.0,51.43,1,0.01,ROUNDING_DOWN_2
412,27,99.76,25.86,25.86,74.14,3,0.0,ROUNDING_DOWN_2
714,35,0.0,0.0,0.0,75.77,1,0.01,ROUNDING_DOWN_2
4679,82,2.91,46.24,61.98,28.37,3,1.35,ROUNDING_DOWN_2
926,38,99.89,37.27,37.27,62.73,3,0.01,ROUNDING_DOWN_2
571,31,2.1,12.72,50.0,12.72,2,0.03,ROUNDING_DOWN_2
218,22,99.54,14.37,14.37,85.63,1,0.0,ROUNDING_DOWN_2
6488,96,0.0,0.0,0.0,67.59,1,0.11,ROUNDING_DOWN_2
6448,96,99.98,23.48,23.48,76.52,3,0.05,ROUNDING_DOWN_2
2063,55,99.95,30.84,30.84,69.16,3,0.01,ROUNDING_DOWN_2
4416,80,99.98,30.67,30.67,69.33,3,0.03,ROUNDING_DOWN_2
2945,66,1.49,10.08,10.95,81.98,2,0.26,ROUNDING_DOWN_2
1637,50,0.0,0.0,0.0,76.98,1,0.02,ROUNDING_DOWN_2
2266,58,3.97,28.68,32.31,60.07,2,0.38,ROUNDING_DOWN_2
241,21,99.59,35.34,35.34,64.66,2,0.0,ROUNDING_DOWN_2
249,24,99.6,3.32,3.32,96.68,2,0.0,ROUNDING_DOWN_2
1454,48,0.0,0.0,0.0,49.48,1,0.02,ROUNDING_DOWN_2
2829,65,0.0,0.0,0.0,47.53,1,0.04,ROUNDING_DOWN_2
356,26,4.78,15.85,75.0,5.28,3,0.02,ROUNDING_DOWN_2
1412,47,0.0,0.0,0.0,52.79,1,0.02,ROUNDING_DOWN_2
6272,94,0.0,0.0,0.0,17.88,1,0.11,ROUNDING_DOWN_2
721,35,99.86,11.42,11.42,88.58,3,0.01,ROUNDING_DOWN_2
154,19,99.35,6.95,6.95,93.05,1,0.0,ROUNDING_DOWN_2
3815,75,0.0,0.0,0.0,37.15,1,0.07,ROUNDING_DOWN_2
1668,51,3.0,21.98,30.44,50.22,2,0.21,ROUNDING_DOWN_2
3920,76,99.97,9.82,9.82,90.18,2,0.03,ROUNDING_DOWN_2
1155,43,0.0,0.0,0.0,56.75,1,0.02,ROUNDING_DOWN_2
292,23,5.14,17.78,28.98,43.57,2,0.02,ROUNDING_DOWN_2
867,38,99.88,52.51,52.51,47.49,3,0.02,ROUNDING_DOWN_2
291,24,99.66,32.13,32.13,67.87,3,0.0,ROUNDING_DOWN_2
199,20,0.0,0.0,0.0,31.92,1,0.0,ROUNDING_DOWN_2
618,33,1.13,41.45,70.51,17.34,3,0.02,ROUNDING_DOWN_2
3376,70,0.0,0.0,0.0,55.92,1,0.05,ROUNDING_DOWN_2
4735,83,3.0,49.95,62.53,29.92,3,1.44,ROUNDING_DOWN_2
1775,52,2.59,26.39,41.45,37.29,2,0.18,ROUNDING_DOWN_2
462,29,99.78,9.14,9.14,90.86,3,0.0,ROUNDING_DOWN_2
4793,83,0.0,0.0,0.0,45.85,1,0.09,ROUNDING_DOWN_2
2549,61,3.77,46.67,65.22,24.88,3,0.5,ROUNDING_DOWN_2
3763,74,99.97,45.69,45.69,54.31,3,0.03,ROUNDING_DOWN_2
3035,67,0.0,0.0,0.0,31.15,1,0.04,ROUNDING_DOWN_2
4300,79,99.98,28.85,28.85,71.15,3,0.03,ROUNDING_DOWN_2
1909,54,99.95,24.61,24.61,75.39,3,0.01,ROUNDING_DOWN_2
537,30,0.0,0.0,0.0,33.79,1,0.01,ROUNDING_DOWN_2
1102,43,99.91,10.09,10.09,89.91,1,0.01,ROUNDING_DOWN_2
383,26,99.74,38.34,38.34,61.66,3,0.0,ROUNDING_DOWN_2
2897,66,2.66,38.45,64.86,20.83,3,0.5,ROUNDING_DOWN_2
1140,42,99.91,15.28,15.28,84.72,2,0.01,ROUNDING_DOWN_2
1077,41,99.91,11.49,11.49,88.51,1,0.01,ROUNDING_DOWN_2
570,31,99.82,28.97,28.97,71.03,3,0.0,ROUNDING_DOWN_2
492,29,10.57,49.33,62.93,29.06,3,0.05,ROUNDING_DOWN_2
4523,81,99.98,15.78,15.78,84.22,2,0.03,ROUNDING_DOWN_2
1753,52,0.0,0.0,0.0,10.57,1,0.02,ROUNDING_DOWN_2
200,21,99.5,15.21,15.21,84.79,2,0.0,ROUNDING_DOWN_2
5690,90,99.98,13.92,13.92,86.08,3,0.04,ROUNDING_DOWN_2
676,34,99.85,28.09,28.09,71.91,2,0.0,ROUNDING_DOWN_2
2794,64,0.0,0.0,0.0,30.84,1,0.04,ROUNDING_DOWN_2
271,23,99.63,30.21,30.21,69.79,2,0.0,ROUNDING_DOWN_2
491,30,8.96,50.6,62.06,30.94,3,0.06,ROUNDING_DOWN_2
1925,55,99.95,14.01,14.01,85.99,2,0.03,ROUNDING_DOWN_2
4246,78,0.78,19.52,50.0,19.52,2,0.32,ROUNDING_DOWN_2
26,10,0.0,0.0,0.0,33.2,1,0.0,ROUNDING_DOWN_2
2646,63,99.96,16.64,16.64,83.36,2,0.02,ROUNDING_DOWN_2
1329,45,0.0,0.0,0.0,23.49,1,0.03,ROUNDING_DOWN_2
6568,96,0.99,20.11,38.31,32.39,2,1.0,ROUNDING_DOWN_2
2304,59,99.96,23.9,23.9,76.1,3,0.02,ROUNDING_DOWN_2
391,27,6.14,19.96,33.57,39.49,2,0.02,ROUNDING_DOWN_2
955,40,0.0,0.0,0.0,21.58,1,0.01,ROUNDING_DOWN_2
359,26,3.9,2.49,9.07,24.99,2,0.02,ROUNDING_DOWN_2
723,35,99.86,43.14,43.14,56.86,3,0.0,ROUNDING_DOWN_2
391,27,99.74,9.79,9.79,90.21,1,0.0,ROUNDING_DOWN_2
235,21,99.57,32.42,32.42,67.58,2,0.0,ROUNDING_DOWN_2
212,21,99.53,19.89,19.89,80.11,3,0.0,ROUNDING_DOWN_2
2381,60,1.97,38.5,72.8,14.39,3,0.27,ROUNDING_DOWN_2
2188,58,0.0,0.0,0.0,20.81,1,0.03,ROUNDING_DOWN_2
4949,84,2.53,42.31,60.76,27.32,3,1.37,ROUNDING_DOWN_2
704,35,0.0,0.0,0.0,76.76,1,0.01,ROUNDING_DOWN_2
3051,67,99.97,22.51,22.51,77.49,2,0.02,ROUNDING_DOWN_2
6842,98,0.0,0.0,0.0,71.75,1,0.12,ROUNDING_DOWN_2
236,21,99.58,33.91,33.91,66.09,2,0.0,ROUNDING_DOWN_2
1548,49,0.0,0.0,0.0,57.8,1,0.02,ROUNDING_DOWN_2
5302,88,99.98,5.82,5.82,94.18,3,0.04,ROUNDING_DOWN_2
2490,61,99.96,25.56,25.56,74.44,3,0.02,ROUNDING_DOWN_2
424,28,99.76,48.98,48.98,51.02,2,0.0,ROUNDING_DOWN_2
564,31,5.32,21.88,27.38,58.03,2,0.05,ROUNDING_DOWN_2
1910,55,0.0,0.0,0.0,24.65,1,0.03,ROUNDING_DOWN_2
4197,77,2.03,16.36,19.99,65.48,2,0.59,ROUNDING_DOWN_2
1104,42,99.91,39.27,39.27,60.73,2,0.01,ROUNDING_DOWN_2
1550,49,99.94,51.3,51.3,48.7,3,0.01,ROUNDING_DOWN_2
645,33,99.84,24.46,24.46,75.54,3,0.0,ROUNDING_DOWN_2
609,33,2.63,15.11,69.03,6.78,3,0.03,ROUNDING_DOWN_2
1248,45,2.16,16.16,37.02,27.48,2,0.1,ROUNDING_DOWN_2
4479,81,99.98,6.93,6.93,93.07,1,0.03,ROUNDING_DOWN_2
1120,42,0.0,0.0,0.0,47.23,1,0.02,ROUNDING_DOWN_2
2906,67,99.97,5.21,5.21,94.79,2,0.02,ROUNDING_DOWN_2
101,16,4.95,11.27,50.0,11.27,2,0.0,ROUNDING_DOWN_2
3294,70,0.0,0.0,0.0,19.57,1,0.05,ROUNDING_DOWN_2
164,18,99.39,63.32,63.32,36.68,3,0.0,ROUNDING_DOWN_2
217,21,99.54,17.65,17.65,82.35,3,0.0,ROUNDING_DOWN_2
313,24,0.0,0.0,0.0,27.6,1,0.0,ROUNDING_DOWN_2
1307,45,0.0,0.0,0.0,53.97,1,0.02,ROUNDING_DOWN_2
1695,51,99.94,27.94,27.94,72.06,2,0.01,ROUNDING_DOWN_2
500,29,4.4,20.94,40.41,30.88,2,0.04,ROUNDING_DOWN_2
227,21,5.29,22.81,50.0,22.81,2,0.01,ROUNDING_DOWN_2
4703,82,1.45,25.96,43.03,34.38,2,0.66,ROUNDING_DOWN_2
578,31,99.83,59.95,59.95,40.05,2,0.0,ROUNDING_DOWN_2
5227,87,2.6,47.85,64.3,26.57,3,1.37,ROUNDING_DOWN_2
7087,100,99.99,20.33,20.33,79.67,3,0.07,ROUNDING_DOWN_2
2113,57,99.95,21.5,21.5,78.5,3,0.01,ROUNDING_DOWN_2
6975,99,0.47,6.63,7.57,80.99,2,0.48,ROUNDING_DOWN_2
3807,74,99.97,8.56,8.56,91.44,3,0.03,ROUNDING_DOWN_2
1186,44,0.08,3.95,50.0,3.95,2,0.02,ROUNDING_DOWN_2
262,22,4.58,19.12,37.74,31.54,2,0.02,ROUNDING_DOWN_2
1717,51,0.0,0.0,0.0,33.89,1,0.04,ROUNDING_DOWN_2
624,32,99.84,20.24,20.24,79.76,3,0.0,ROUNDING_DOWN_2
6259,94,1.69,33.81,65.51,17.8,3,1.36,ROUNDING_DOWN_2
2851,65,1.19,7.7,33.07,15.57,2,0.24,ROUNDING_DOWN_2
858,38,2.56,20.61,71.65,8.16,3,0.06,ROUNDING_DOWN_2
2971,67,99.97,10.29,10.29,89.71,3,0.02,ROUNDING_DOWN_2
3807,74,1.63,33.02,46.24,38.4,2,0.6,ROUNDING_DOWN_2
6944,99,99.99,47.7,47.7,52.3,3,0.07,ROUNDING_DOWN_2
3545,72,0.93,20.2,41.21,28.81,2,0.31,ROUNDING_DOWN_2
986,40,2.13,15.1,33.59,29.85,2,0.07,ROUNDING_DOWN_2
3935,76,1.52,23.73,74.7,8.04,3,0.5,ROUNDING_DOWN_2
5572,89,0.0,0.0,0.0,55.87,1,0.1,ROUNDING_DOWN_2
5246,87,0.84,16.91,44.6,21.0,2,0.61,ROUNDING_DOWN_2
1419,47,0.0,0.0,0.0,34.54,1,0.02,ROUNDING_DOWN_2
493,30,99.8,10.24,10.24,89.76,1,0.0,ROUNDING_DOWN_2
340,25,99.71,50.46,50.46,49.54,2,0.0,ROUNDING_DOWN_2
2435,61,0.57,9.05,50.0,9.05,2,0.12,ROUNDING_DOWN_2
3297,69,99.97,65.1,65.1,34.9,3,0.04,ROUNDING_DOWN_2
1744,53,99.94,9.86,9.86,90.14,2,0.01,ROUNDING_DOWN_2
1049,41,6.77,50.44,60.75,32.59,3,0.16,ROUNDING_DOWN_2
1803,53,4.05,36.23,55.32,29.26,3,0.31,ROUNDING_DOWN_2
6712,97,99.99,33.74,33.74,66.26,3,0.04,ROUNDING_DOWN_2
537,30,4.1,19.27,34.11,37.23,2,0.04,ROUNDING_DOWN_2
367,26,0.0,0.0,0.0,59.68,1,0.01,ROUNDING_DOWN_2
1103,42,3.72,39.02,68.7,17.78,3,0.14,ROUNDING_DOWN_2
3467,71,1.07,16.58,42.29,22.63,2,0.38,ROUNDING_DOWN_2
3632,73,0.0,0.0,0.0,23.41,1,0.05,ROUNDING_DOWN_2
657,33,6.24,38.52,69.05,17.26,3,0.07,ROUNDING_DOWN_2
2838,65,1.3,19.88,43.34,25.98,2,0.28,ROUNDING_DOWN_2
1178,43,99.92,31.33,31.33,68.67,3,0.01,ROUNDING_DOWN_2
1340,46,0.0,0.0,0.0,86.24,1,0.02,ROUNDING_DOWN_2
3276,69,1.53,21.82,40.4,32.19,2,0.36,ROUNDING_DOWN_2
979,39,0.0,0.0,0.0,37.08,1,0.01,ROUNDING_DOWN_2
76,14,1.32,10.44,50.0,10.44,2,0.0,ROUNDING_DOWN_2
2697,63,1.37,13.97,15.49,76.19,2,0.22,ROUNDING_DOWN_2
256,22,10.94,38.33,62.76,22.74,3,0.03,ROUNDING_DOWN_2
6669,97,0.0,0.0,0.0,51.73,1,0.12,ROUNDING_DOWN_2
4327,79,99.98,27.66,27.66,72.34,3,0.03,ROUNDING_DOWN_2
2515,62,99.96,20.0,20.0,80.0,3,0.03,ROUNDING_DOWN_2
412,28,0.0,0.0,0.0,23.52,1,0.01,ROUNDING_DOWN_2
1519,50,0.39,7.33,50.0,7.33,2,0.04,ROUNDING_DOWN_2
3428,71,1.72,32.06,67.88,15.17,3,0.5,ROUNDING_DOWN_2
6418,96,0.48,4.38,37.91,7.18,2,0.48,ROUNDING_DOWN_2
1316,46,0.0,0.0,0.0,8.48,1,0.04,ROUNDING_DOWN_2
1596,50,1.32,14.04,41.93,19.44,2,0.11,ROUNDING_DOWN_2
2928,66,0.0,0.0,0.0,69.4,1,0.04,ROUNDING_DOWN_2
6272,94,2.85,43.48,55.37,35.05,3,2.28,ROUNDING_DOWN_2
199,20,99.5,22.71,22.71,77.29,1,0.0,ROUNDING_DOWN_2
2856,65,1.23,19.16,44.1,24.29,2,0.31,ROUNDING_DOWN_2
5572,89,99.98,16.97,16.97,83.03,1,0.04,ROUNDING_DOWN_2
2872,66,0.0,0.0,0.0,7.1,1,0.06,ROUNDING_DOWN_2
3593,72,2.95,14.71,16.78,72.91,2,0.73,ROUNDING_DOWN_2
116,16,99.14,11.98,11.98,88.02,2,0.0,ROUNDING_DOWN_2
300,23,99.67,39.39,39.39,60.61,2,0.0,ROUNDING_DOWN_2
622,33,0.0,0.0,0.0,81.99,1,0.01,ROUNDING_DOWN_2
2920,66,3.08,29.95,35.13,55.3,2,0.55,ROUNDING_DOWN_2
6044,93,1.22,21.98,64.08,12.32,3,1.04,ROUNDING_DOWN_2
3258,69,0.0,0.0,0.0,49.59,1,0.05,ROUNDING_DOWN_2
3692,73,99.97,32.76,32.76,67.24,3,0.03,ROUNDING_DOWN_2
4567,81,0.0,0.0,0.0,52.37,1,0.07,ROUNDING_DOWN_2
229,22,5.24,25.81,75.0,8.6,3,0.01,ROUNDING_DOWN_2
486,30,0.0,0.0,0.0,46.22,1,0.01,ROUNDING_DOWN_2
40,11,0.0,0.0,0.0,6.25,1,0.0,ROUNDING_DOWN_2
3477,72,0.0,0.0,0.0,75.31,1,0.07,ROUNDING_DOWN_2
1630,50,99.94,61.74,61.74,38.26,3,0.01,ROUNDING_DOWN_2
2209,59,1.9,29.78,70.91,12.22,3,0.23,ROUNDING_DOWN_2
308,25,99.68,13.76,13.76,86.24,3,0.0,ROUNDING_DOWN_2
3863,76,99.97,8.21,8.21,91.79,1,0.04,ROUNDING_DOWN_2
3090,67,1.65,19.52,33.33,39.06,2,0.35,ROUNDING_DOWN_2
2135,57,1.12,17.93,41.39,25.39,2,0.15,ROUNDING_DOWN_2
128,18,5.47,23.67,75.0,7.89,3,0.01,ROUNDING_DOWN_2
65,13,0.0,0.0,0.0,24.66,1,0.0,ROUNDING_DOWN_2
4809,83,0.0,0.0,0.0,45.91,1,0.07,ROUNDING_DOWN_2
2330,59,0.0,0.0,0.0,57.28,1,0.03,ROUNDING_DOWN_2
961,41,1.25,6.41,75.0,2.14,3,0.04,ROUNDING_DOWN_2
34,11,97.06,22.36,22.36,77.64,3,0.0,ROUNDING_DOWN_2
156,18,0.0,0.0,0.0,72.34,2,0.0,ROUNDING_DOWN_2
253,22,99.6,10.69,10.69,89.31,3,0.0,ROUNDING_DOWN_2
3290,70,99.97,10.36,10.36,89.64,1,0.02,ROUNDING_DOWN_2
6982,99,0.0,0.0,0.0,31.95,1,0.12,ROUNDING_DOWN_2
1849,53,3.08,27.13,29.35,65.31,2,0.22,ROUNDING_DOWN_2
5401,87,99.98,38.7,38.7,61.3,3,0.04,ROUNDING_DOWN_2
1167,44,99.91,17.14,17.14,82.86,1,0.01,ROUNDING_DOWN_2
3367,70,99.97,29.26,29.26,70.74,3,0.02,ROUNDING_DOWN_2
366,26,99.73,15.79,15.79,84.21,3,0.0,ROUNDING_DOWN_2
32,10,96.88,69.24,69.24,30.76,3,0.0,ROUNDING_DOWN_2
6752,97,2.25,40.54,60.03,26.99,3,2.11,ROUNDING_DOWN_2
1455,47,99.93,35.44,35.44,64.56,3,0.01,ROUNDING_DOWN_2
6641,97,0.0,0.0,0.0,67.31,1,0.1,ROUNDING_DOWN_2
769,36,0.0,0.0,0.0,45.77,1,0.01,ROUNDING_DOWN_2
2829,65,99.96,7.7,7.7,92.3,3,0.02,ROUNDING_DOWN_2
1567,49,99.94,36.39,36.39,63.61,2,0.01,ROUNDING_DOWN_2
1868,53,99.95,29.12,29.12,70.88,3,0.01,ROUNDING_DOWN_2
6815,98,0.0,0.0,0.0,82.44,1,0.12,ROUNDING_DOWN_2
6571,97,0.59,6.36,45.06,7.75,2,0.56,ROUNDING_DOWN_2
123,17,0.0,0.0,0.0,28.59,1,0.0,ROUNDING_DOWN_2
171,18,7.02,21.38,38.97,33.48,2,0.01,ROUNDING_DOWN_2
1832,53,0.0,0.0,0.0,69.63,1,0.03,ROUNDING_DOWN_2
1624,50,0.0,0.0,0.0,26.15,1,0.04,ROUNDING_DOWN_2
7125,100,99.99,54.19,54.19,45.81,3,0.05,ROUNDING_DOWN_2
6849,98,2.82,49.23,59.27,33.84,3,2.57,ROUNDING_DOWN_2
5304,87,2.55,41.24,60.02,27.47,3,1.47,ROUNDING_DOWN_2
187,20,11.23,25.17,48.84,26.37,3,0.01,ROUNDING_DOWN_2
6008,93,99.98,7.91,7.91,92.09,2,0.06,ROUNDING_DOWN_2
5654,90,0.0,0.0,0.0,74.59,1,0.1,ROUNDING_DOWN_2
440,28,9.77,45.92,62.91,27.07,3,0.04,ROUNDING_DOWN_2
2079,57,3.8,9.93,10.65,83.3,3,0.36,ROUNDING_DOWN_3
6165,94,1.67,30.9,66.63,15.48,3,1.47,ROUNDING_DOWN_3
1649,50,4.06,43.89,54.33,36.89,3,0.28,ROUNDING_DOWN_3
4395,80,2.03,40.21,67.21,19.61,3,1.03,ROUNDING_DOWN_3
6512,96,2.96,29.86,31.69,64.38,3,2.28,ROUNDING_DOWN_3
214,23,0.0,0.0,0.0,98.67,1,0.01,ROUNDING_DOWN_3
4670,82,2.89,44.59,59.88,29.88,3,1.38,ROUNDING_DOWN_3
3656,73,0.77,10.63,47.03,11.98,2,0.29,ROUNDING_DOWN_3
1960,55,4.54,19.62,21.55,71.43,2,0.35,ROUNDING_DOWN_3
4314,79,5.7,28.88,29.16,70.15,3,1.96,ROUNDING_DOWN_3
411,27,0.0,0.0,0.0,85.46,1,0.01,ROUNDING_DOWN_3
4417,80,3.46,14.31,14.9,81.68,3,1.41,ROUNDING_DOWN_3
138,17,13.04,25.65,72.12,9.92,3,0.01,ROUNDING_DOWN_3
3716,74,1.16,14.35,42.62,19.32,2,0.43,ROUNDING_DOWN_3
4193,78,0.0,0.0,0.0,51.88,1,0.08,ROUNDING_DOWN_3
4981,85,0.0,0.0,0.0,85.91,1,0.07,ROUNDING_DOWN_3
113,15,7.08,25.81,50.0,25.81,2,0.01,ROUNDING_DOWN_3
4674,83,0.0,0.0,0.0,93.29,1,0.07,ROUNDING_DOWN_3
6540,96,2.84,19.17,20.53,74.19,2,2.16,ROUNDING_DOWN_3
381,26,0.0,0.0,0.0,85.42,1,0.01,ROUNDING_DOWN_3
5245,87,0.0,0.0,0.0,36.19,1,0.07,ROUNDING_DOWN_3
3574,72,1.59,18.94,29.32,45.66,2,0.53,ROUNDING_DOWN_3
1167,43,6.43,29.58,31.63,63.94,2,0.18,ROUNDING_DOWN_3
1465,50,99.93,5.65,5.65,94.35,2,1.57,ROUNDING_DOWN_3
604,32,10.76,48.03,55.65,38.27,3,0.09,ROUNDING_DOWN_3
1191,43,4.95,39.66,50.53,38.83,3,0.18,ROUNDING_DOWN_3
2413,60,0.0,0.0,0.0,68.15,1,0.05,ROUNDING_DOWN_3
33,11,0.0,0.0,0.0,19.04,1,0.0,ROUNDING_DOWN_3
178,19,8.43,36.15,52.66,32.5,3,0.01,ROUNDING_DOWN_3
160,18,2.5,9.69,11.95,71.39,2,0.0,ROUNDING_DOWN_3
653,33,7.96,48.06,66.01,24.74,3,0.1,ROUNDING_DOWN_3
2642,63,1.17,2.36,2.46,93.57,3,0.17,ROUNDING_DOWN_3
4003,76,4.02,47.7,57.57,35.16,3,1.42,ROUNDING_DOWN_3
214,21,0.0,0.0,0.0,63.48,1,0.0,ROUNDING_DOWN_3
2771,64,3.28,22.04,25.83,63.27,2,0.5,ROUNDING_DOWN_3
1130,43,5.93,33.3,33.3,66.7,2,0.16,ROUNDING_DOWN_3
212,20,4.72,32.29,41.09,46.28,2,0.01,ROUNDING_DOWN_3
300,23,9.0,23.58,28.26,59.87,2,0.03,ROUNDING_DOWN_3
4550,81,7.05,37.08,37.87,60.83,3,2.49,ROUNDING_DOWN_3
7096,100,2.87,18.61,19.63,76.22,3,3.13,ROUNDING_DOWN_3
200,20,10.5,36.01,73.67,12.87,3,0.02,ROUNDING_DOWN_3
5583,89,3.04,16.01,16.96,78.36,3,2.08,ROUNDING_DOWN_3
230,21,1.3,7.14,50.0,7.14,2,0.01,ROUNDING_DOWN_3
5750,90,5.41,35.63,36.85,61.07,3,3.17,ROUNDING_DOWN_3
5042,85,3.75,18.45,19.14,77.96,2,1.74,ROUNDING_DOWN_3
2427,60,3.46,38.89,54.21,32.85,3,0.54,ROUNDING_DOWN_3
6178,93,1.93,26.28,32.32,55.03,2,1.83,ROUNDING_DOWN_3
3863,76,0.0,0.0,0.0,97.09,1,0.06,ROUNDING_DOWN_3
2385,60,3.23,28.52,36.0,50.7,2,0.44,ROUNDING_DOWN_3
3629,72,1.6,27.62,39.14,42.95,2,0.53,ROUNDING_DOWN_3
312,24,0.0,0.0,0.0,62.33,1,0.0,ROUNDING_DOWN_3
2835,65,0.0,0.0,0.0,40.93,1,0.05,ROUNDING_DOWN_3
2773,64,0.0,0.0,0.0,37.81,1,0.05,ROUNDING_DOWN_3
5703,90,1.19,26.31,69.25,11.69,3,0.91,ROUNDING_DOWN_3
6047,93,0.0,0.0,0.0,89.46,1,0.09,ROUNDING_DOWN_3
1529,49,1.77,14.61,48.03,15.81,2,0.12,ROUNDING_DOWN_3
287,24,3.14,11.73,44.47,14.65,2,0.01,ROUNDING_DOWN_3
1890,54,0.0,0.0,0.0,12.63,1,0.05,ROUNDING_DOWN_3
2894,66,3.52,9.74,9.91,88.53,3,0.62,ROUNDING_DOWN_3
1795,52,6.46,39.17,45.93,46.1,3,0.48,ROUNDING_DOWN_3
5349,87,0.88,25.74,45.93,30.3,2,0.65,ROUNDING_DOWN_3
139,18,0.0,0.0,0.0,10.06,1,0.0,ROUNDING_DOWN_3
150,18,4.67,11.49,30.51,26.18,2,0.01,ROUNDING_DOWN_3
1760,52,3.3,12.78,13.31,83.18,3,0.23,ROUNDING_DOWN_3
849,38,4.95,10.22,10.5,87.08,3,0.1,ROUNDING_DOWN_3
1694,51,2.24,19.11,35.49,34.74,2,0.2,ROUNDING_DOWN_3
814,37,1.47,7.6,42.18,10.41,2,0.04,ROUNDING_DOWN_3
1243,44,5.07,30.72,34.42,58.52,2,0.21,ROUNDING_DOWN_3
3279,70,0.0,0.0,0.0,33.44,1,0.07,ROUNDING_DOWN_3
5455,89,0.86,29.33,72.58,11.08,3,0.6,ROUNDING_DOWN_3
613,32,7.34,32.72,35.52,59.4,3,0.09,ROUNDING_DOWN_3
2870,65,3.8,21.05,23.31,69.22,2,0.58,ROUNDING_DOWN_3
1952,55,2.82,6.89,7.18,89.17,3,0.22,ROUNDING_DOWN_3
1032,41,1.65,8.87,10.34,76.94,2,0.04,ROUNDING_DOWN_3
1156,44,1.56,27.42,75.0,9.14,3,0.07,ROUNDING_DOWN_3
3019,67,2.95,44.55,66.53,22.42,3,0.63,ROUNDING_DOWN_3
3518,72,0.0,0.0,0.0,8.66,1,0.07,ROUNDING_DOWN_3
1890,54,6.51,18.87,18.87,81.13,3,0.38,ROUNDING_DOWN_3
123,16,19.51,43.5,65.65,22.76,3,0.01,ROUNDING_DOWN_3
6722,97,3.15,30.0,30.88,67.17,3,2.44,ROUNDING_DOWN_3
1065,41,5.35,39.21,63.14,22.89,3,0.16,ROUNDING_DOWN_3
423,27,13.48,47.2,59.72,31.83,3,0.07,ROUNDING_DOWN_3
3088,68,1.49,26.77,72.27,10.27,3,0.44,ROUNDING_DOWN_3
6369,95,0.39,7.44,47.6,8.19,2,0.43,ROUNDING_DOWN_3
613,33,0.0,0.0,0.0,85.44,1,0.01,ROUNDING_DOWN_3
3835,74,0.0,0.0,0.0,65.63,1,0.06,ROUNDING_DOWN_3
2106,58,0.14,7.51,50.0,7.51,2,0.07,ROUNDING_DOWN_3
6112,93,2.47,19.7,21.29,72.82,2,1.75,ROUNDING_DOWN_3
6441,95,0.0,0.0,0.0,60.5,1,0.1,ROUNDING_DOWN_3
2823,65,1.06,9.04,37.6,14.99,2,0.26,ROUNDING_DOWN_3
126,16,10.32,23.01,29.67,54.55,3,0.01,ROUNDING_DOWN_3
5789,91,0.71,19.92,46.59,22.83,2,0.59,ROUNDING_DOWN_3
3917,76,0.0,0.0,0.0,86.82,1,0.06,ROUNDING_DOWN_3
486,29,12.55,15.11,15.49,82.45,2,0.05,ROUNDING_DOWN_3
4041,76,0.0,0.0,0.0,61.05,1,0.06,ROUNDING_DOWN_3
996,40,2.41,12.78,38.45,20.46,2,0.08,ROUNDING_DOWN_3
324,25,1.85,11.32,63.39,6.54,3,0.01,ROUNDING_DOWN_3
786,36,0.0,0.0,0.0,74.1,1,0.01,ROUNDING_DOWN_3
2789,64,4.02,51.11,65.78,26.59,3,0.79,ROUNDING_DOWN_3
564,31,10.28,20.29,22.13,71.39,3,0.08,ROUNDING_DOWN_3
2486,61,2.53,26.8,35.87,47.92,2,0.38,ROUNDING_DOWN_3
1600,49,4.94,28.06,29.92,65.72,3,0.26,ROUNDING_DOWN_3
1176,44,0.0,0.0,0.0,91.97,1,0.02,ROUNDING_DOWN_3
6696,98,0.0,0.0,0.0,95.56,1,0.14,ROUNDING_DOWN_3
546,30,25.27,47.45,47.99,51.42,3,0.15,ROUNDING_DOWN_3
3688,74,0.0,0.0,0.0,22.74,1,0.06,ROUNDING_DOWN_3
68,13,0.0,0.0,0.0,12.68,1,0.0,ROUNDING_DOWN_3
288,23,19.79,29.47,30.24,68.0,3,0.03,ROUNDING_DOWN_3
334,25,0.0,0.0,0.0,53.47,1,0.0,ROUNDING_DOWN_3
2085,56,3.5,24.38,28.72,60.52,2,0.34,ROUNDING_DOWN_3
188,20,0.0,0.0,0.0,77.15,1,0.0,ROUNDING_DOWN_3
5266,87,0.82,20.15,43.4,26.28,2,0.55,ROUNDING_DOWN_3
1539,49,2.92,16.61,28.91,40.85,2,0.22,ROUNDING_DOWN_3
547,31,0.0,0.0,0.0,88.57,1,0.01,ROUNDING_DOWN_3
1269,45,2.6,17.53,37.5,29.23,2,0.13,ROUNDING_DOWN_3
2981,66,4.29,51.65,64.22,28.78,3,0.85,ROUNDING_DOWN_3
6096,93,1.23,22.94,33.2,46.16,2,1.18,ROUNDING_DOWN_3
4943,84,0.67,12.79,45.87,15.09,2,0.55,ROUNDING_DOWN_3
4004,77,1.52,4.9,5.07,91.69,3,0.53,ROUNDING_DOWN_3
1525,49,0.0,0.0,0.0,18.3,1,0.02,ROUNDING_DOWN_3
6590,97,0.38,10.68,49.86,10.74,2,0.48,ROUNDING_DOWN_3
319,25,0.0,0.0,0.0,52.05,1,0.01,ROUNDING_DOWN_3
5587,89,0.0,0.0,0.0,30.83,1,0.1,ROUNDING_DOWN_3
3055,68,0.0,0.0,0.0,5.02,1,0.05,ROUNDING_DOWN_3
1027,41,0.0,0.0,0.0,31.16,1,0.04,ROUNDING_DOWN_3
1297,45,6.86,13.0,13.42,83.83,3,0.27,ROUNDING_DOWN_3
2681,63,0.0,0.0,0.0,42.96,1,0.04,ROUNDING_DOWN_3
5521,89,0.0,0.0,0.0,89.04,1,0.11,ROUNDING_DOWN_3
3248,69,0.0,0.0,0.0,32.95,1,0.05,ROUNDING_DOWN_3
5973,92,1.93,41.03,65.84,21.29,3,1.8,ROUNDING_DOWN_3
1001,41,0.0,0.0,0.0,90.73,2,0.02,ROUNDING_DOWN_3
1561,49,3.84,31.96,39.33,49.3,2,0.23,ROUNDING_DOWN_3
426,28,12.68,26.15,26.49,72.56,3,0.05,ROUNDING_DOWN_3
4300,79,9.05,42.97,43.42,56.0,3,2.9,ROUNDING_DOWN_3
1826,53,2.46,24.43,72.26,9.38,3,0.27,ROUNDING_DOWN_3
5747,91,0.0,0.0,0.0,12.82,1,0.1,ROUNDING_DOWN_3
183,19,0.0,0.0,0.0,86.68,1,0.0,ROUNDING_DOWN_3
1582,49,0.0,0.0,0.0,77.3,1,0.02,ROUNDING_DOWN_3
98,15,30.61,34.71,44.61,43.1,3,0.01,ROUNDING_DOWN_3
403,27,12.16,48.2,61.35,30.36,3,0.05,ROUNDING_DOWN_3
4891,84,2.25,18.07,20.87,68.49,2,1.09,ROUNDING_DOWN_3
1792,52,0.0,0.0,0.0,76.79,1,0.03,ROUNDING_DOWN_3
1768,53,0.0,0.0,0.0,92.24,2,0.03,ROUNDING_DOWN_3
66,12,0.0,0.0,0.0,29.96,1,0.0,ROUNDING_DOWN_3
6114,93,3.48,38.76,39.28,59.9,3,2.67,ROUNDING_DOWN_3
1483,48,0.81,4.08,4.57,85.11,2,0.05,ROUNDING_DOWN_3
1052,41,5.13,18.89,22.01,66.92,3,0.14,ROUNDING_DOWN_3
2554,62,0.67,7.0,39.65,10.66,2,0.16,ROUNDING_DOWN_3
1309,46,2.29,22.82,40.29,33.83,2,0.12,ROUNDING_DOWN_3
1117,43,0.0,0.0,0.0,10.17,1,0.02,ROUNDING_DOWN_3
1240,44,4.68,30.29,38.07,49.29,2,0.18,ROUNDING_DOWN_3
188,20,0.0,0.0,0.0,90.81,1,0.0,ROUNDING_DOWN_3
5331,88,0.0,0.0,0.0,95.26,2,0.08,ROUNDING_DOWN_3
1026,41,7.02,49.9,61.2,31.63,3,0.29,ROUNDING_DOWN_3
2432,60,3.74,22.17,25.52,64.71,2,0.51,ROUNDING_DOWN_3
7078,100,3.69,51.6,55.72,41.0,3,3.92,ROUNDING_DOWN_3
3758,74,5.06,32.33,33.19,65.06,3,1.26,ROUNDING_DOWN_3
2756,64,0.0,0.0,0.0,73.63,1,0.04,ROUNDING_DOWN_3
622,33,3.05,11.61,28.19,29.58,2,0.04,ROUNDING_DOWN_3
2061,57,0.05,3.11,50.0,3.11,2,0.04,ROUNDING_DOWN_3
911,38,2.74,19.68,37.25,33.15,2,0.06,ROUNDING_DOWN_3
833,38,0.0,0.0,0.0,91.25,1,0.01,ROUNDING_DOWN_3
2024,55,0.0,0.0,0.0,58.04,1,0.03,ROUNDING_DOWN_3
4768,82,1.01,17.53,38.94,27.48,2,0.58,ROUNDING_DOWN_3
89,14,0.0,0.0,0.0,51.15,1,0.0,ROUNDING_DOWN_3
1540,49,0.52,11.51,50.0,11.51,2,0.07,ROUNDING_DOWN_3
26,11,0.0,0.0,0.0,98.58,3,0.0,ROUNDING_DOWN_3
3101,67,2.93,46.31,68.86,20.94,3,0.71,ROUNDING_DOWN_3
511,30,18.59,46.48,48.35,49.64,3,0.1,ROUNDING_DOWN_3
402,27,2.99,22.47,50.0,22.47,2,0.02,ROUNDING_DOWN_3
966,40,0.0,0.0,0.0,17.78,1,0.02,ROUNDING_DOWN_3
3006,66,2.13,24.05,32.43,50.1,2,0.54,ROUNDING_DOWN_3
3300,71,0.0,0.0,0.0,94.18,1,0.05,ROUNDING_DOWN_3
2060,56,4.47,9.69,10.08,86.43,3,0.41,ROUNDING_DOWN_3
3434,71,0.67,6.53,46.85,7.41,2,0.25,ROUNDING_DOWN_3
6018,93,0.0,0.0,0.0,94.87,2,0.09,ROUNDING_DOWN_3
3012,67,1.96,9.42,9.84,86.28,3,0.35,ROUNDING_DOWN_3
2283,59,3.15,40.41,63.18,23.54,3,0.44,ROUNDING_DOWN_3
6921,99,2.56,46.67,59.96,31.17,3,2.76,ROUNDING_DOWN_3
1133,42,4.41,33.38,40.7,48.64,3,0.14,ROUNDING_DOWN_3
4637,81,0.0,0.0,0.0,50.68,1,0.09,ROUNDING_DOWN_3
4637,82,4.25,46.59,51.17,44.45,3,1.85,ROUNDING_DOWN_3
1335,46,8.39,40.3,40.3,59.7,3,0.31,ROUNDING_DOWN_3
4854,85,1.79,6.64,6.72,92.1,3,0.78,ROUNDING_DOWN_3
71,14,0.0,0.0,0.0,62.64,1,0.0,ROUNDING_DOWN_3
708,35,0.0,0.0,0.0,82.92,1,0.01,ROUNDING_DOWN_3
3257,69,4.39,36.34,39.35,56.01,3,0.95,ROUNDING_DOWN_3
180,20,11.11,43.18,45.97,50.75,3,0.01,ROUNDING_DOWN_3
3158,68,5.41,46.76,50.62,45.61,3,1.04,ROUNDING_DOWN_3
4707,83,0.0,0.0,0.0,11.1,1,0.07,ROUNDING_DOWN_3
2011,55,3.63,27.72,32.44,57.73,2,0.38,ROUNDING_DOWN_3
999,40,3.1,20.84,42.28,28.45,2,0.09,ROUNDING_DOWN_3
1527,49,0.0,0.0,0.0,24.2,1,0.02,ROUNDING_DOWN_3
6486,96,0.31,0.81,0.85,94.85,3,0.33,ROUNDING_DOWN_3
2476,61,1.37,12.48,33.46,24.81,2,0.23,ROUNDING_DOWN_3
1807,53,1.88,21.65,41.61,30.38,2,0.18,ROUNDING_DOWN_3
6448,95,0.81,20.24,40.77,29.4,2,0.88,ROUNDING_DOWN_3
3826,75,1.28,18.81,42.89,25.04,2,0.48,ROUNDING_DOWN_3
2248,58,0.0,0.0,0.0,68.53,1,0.03,ROUNDING_DOWN_3
2654,63,1.88,21.81,33.95,42.43,2,0.37,ROUNDING_DOWN_3
2707,64,2.96,12.37,12.53,86.39,2,0.39,ROUNDING_DOWN_3
3643,73,1.45,15.17,27.4,40.18,2,0.56,ROUNDING_DOWN_3
6166,94,0.0,0.0,0.0,93.39,1,0.11,ROUNDING_DOWN_3
2640,63,1.02,13.31,45.01,16.26,2,0.2,ROUNDING_DOWN_3
1777,52,0.0,0.0,0.0,64.67,1,0.03,ROUNDING_DOWN_3
123,18,0.0,0.0,0.0,8.09,1,0.0,ROUNDING_DOWN_3
1391,46,2.95,30.73,42.98,40.76,2,0.13,ROUNDING_DOWN_3
154,18,13.64,33.46,72.87,12.46,3,0.01,ROUNDING_DOWN_3
5818,91,1.36,23.58,68.26,10.96,3,1.21,ROUNDING_DOWN_3
3677,73,0.0,0.0,0.0,86.33,1,0.05,ROUNDING_DOWN_3
197,19,14.72,19.22,24.67,58.69,3,0.02,ROUNDING_DOWN_3
422,28,0.0,0.0,0.0,58.93,1,0.01,ROUNDING_DOWN_3
3920,75,2.5,21.0,24.31,65.36,3,0.82,ROUNDING_DOWN_3
2820,65,3.12,14.2,14.72,82.25,3,0.45,ROUNDING_DOWN_3
1090,42,4.04,15.21,17.2,73.23,2,0.1,ROUNDING_DOWN_3
4182,78,0.0,0.0,0.0,17.5,1,0.06,ROUNDING_DOWN_3
2024,55,2.62,26.78,38.05,43.6,2,0.28,ROUNDING_DOWN_3
5656,90,5.16,49.03,50.86,47.37,3,3.03,ROUNDING_DOWN_3
2529,62,4.55,45.17,55.28,36.54,3,0.67,ROUNDING_DOWN_3
713,35,1.54,7.82,33.6,15.45,2,0.03,ROUNDING_DOWN_3
3673,75,0.0,0.0,0.0,1.21,1,0.05,ROUNDING_DOWN_3
1970,55,0.0,0.0,0.0,31.93,1,0.05,ROUNDING_DOWN_3
822,37,0.0,0.0,0.0,46.4,1,0.01,ROUNDING_DOWN_3
4023,77,0.0,0.0,0.0,16.97,1,0.06,ROUNDING_DOWN_3
4501,81,2.07,39.08,64.0,21.98,3,0.99,ROUNDING_DOWN_3
1451,48,6.34,18.33,19.58,75.32,2,0.25,ROUNDING_DOWN_3
1360,46,5.37,20.16,21.9,71.87,3,0.19,ROUNDING_DOWN_3
145,18,0.0,0.0,0.0,31.75,1,0.0,ROUNDING_DOWN_3
39,11,12.82,5.86,11.03,47.27,3,0.0,ROUNDING_DOWN_3
4323,80,0.0,0.0,0.0,7.32,1,0.06,ROUNDING_DOWN_3
5984,92,2.52,30.39,34.13,58.65,3,1.8,ROUNDING_DOWN_3
4175,78,0.0,0.0,0.0,28.4,1,0.08,ROUNDING_DOWN_3
270,22,11.11,44.32,49.52,45.19,3,0.02,ROUNDING_DOWN_3
75,13,0.0,0.0,0.0,65.58,1,0.0,ROUNDING_DOWN_3
2010,56,5.02,37.45,44.74,46.25,3,0.46,ROUNDING_DOWN_3
2946,67,0.0,0.0,0.0,13.25,1,0.04,ROUNDING_DOWN_3
3655,73,0.0,0.0,0.0,10.58,1,0.05,ROUNDING_DOWN_3
109,15,7.34,15.13,16.38,77.22,3,0.01,ROUNDING_DOWN_3
1138,43,3.08,6.16,6.54,88.02,3,0.08,ROUNDING_DOWN_3
236,21,8.47,21.61,24.57,66.35,2,0.01,ROUNDING_DOWN_3
1362,46,6.75,21.44,22.5,73.87,3,0.23,ROUNDING_DOWN_3
792,37,0.13,7.06,50.0,7.06,2,0.01,ROUNDING_DOWN_3
38,10,26.32,21.48,32.93,43.75,3,0.0,ROUNDING_DOWN_3
776,36,7.86,9.4,9.53,89.24,3,0.11,ROUNDING_DOWN_3
779,38,2.95,9.26,68.74,4.21,3,0.05,ROUNDING_DOWN_3
2367,60,3.51,20.71,20.71,79.29,3,0.35,ROUNDING_DOWN_3
5227,86,2.33,27.2,32.53,56.42,2,1.21,ROUNDING_DOWN_3
2062,56,3.69,18.42,18.64,80.39,2,0.28,ROUNDING_DOWN_3
1896,54,0.0,0.0,0.0,69.42,1,0.03,ROUNDING_DOWN_3
3278,70,1.92,20.42,30.63,46.23,2,0.51,ROUNDING_DOWN_3
101,15,0.0,0.0,0.0,88.32,1,0.0,ROUNDING_DOWN_3
1167,43,0.0,0.0,0.0,61.23,1,0.02,ROUNDING_DOWN_3
6384,95,5.53,32.83,33.6,64.86,3,4.06,ROUNDING_DOWN_3
3471,72,0.81,19.62,73.89,6.93,3,0.29,ROUNDING_DOWN_3
2469,61,0.0,0.0,0.0,10.56,1,0.04,ROUNDING_DOWN_3
1062,42,1.51,10.04,50.0,10.04,2,0.05,ROUNDING_DOWN_3
5386,88,3.14,26.79,26.98,72.49,3,1.51,ROUNDING_DOWN_3
2033,56,2.16,11.17,11.64,84.82,2,0.19,ROUNDING_DOWN_3
1354,46,1.62,17.16,48.32,18.35,2,0.1,ROUNDING_DOWN_3
3083,67,5.9,20.45,21.03,76.79,2,0.93,ROUNDING_DOWN_3
153,17,22.88,47.33,57.17,35.45,3,0.01,ROUNDING_DOWN_3
134,17,11.19,24.16,43.53,31.34,3,0.01,ROUNDING_DOWN_3
4933,84,2.23,9.09,9.93,82.51,3,1.04,ROUNDING_DOWN_3
7181,100,2.94,51.77,61.06,33.02,3,3.05,ROUNDING_DOWN_3
1380,46,0.0,0.0,0.0,62.24,1,0.02,ROUNDING_DOWN_3
5054,85,0.0,0.0,0.0,42.69,1,0.1,ROUNDING_DOWN_3
1270,45,4.49,23.97,28.73,59.48,2,0.17,ROUNDING_DOWN_3
326,25,0.0,0.0,0.0,84.5,1,0.0,ROUNDING_DOWN_3
249,22,6.83,16.37,16.82,80.96,3,0.01,ROUNDING_DOWN_3
1287,45,0.0,0.0,0.0,71.35,1,0.02,ROUNDING_DOWN_3
3250,69,1.69,18.77,33.28,37.63,2,0.44,ROUNDING_DOWN_3
3946,75,6.08,44.37,47.07,49.9,3,1.8,ROUNDING_DOWN_3
100,15,0.0,0.0,0.0,23.57,1,0.0,ROUNDING_DOWN_3
561,32,0.0,0.0,0.0,80.12,1,0.01,ROUNDING_DOWN_3
210,21,0.0,0.0,0.0,91.92,3,0.0,ROUNDING_DOWN_3
1148,43,2.96,22.75,35.22,41.83,2,0.12,ROUNDING_DOWN_3
5482,88,2.97,39.5,51.86,36.67,3,1.92,ROUNDING_DOWN_3
4453,80,0.0,0.0,0.0,29.83,1,0.06,ROUNDING_DOWN_3
3973,77,0.0,0.0,0.0,92.68,2,0.08,ROUNDING_DOWN_3
3465,71,0.0,0.0,0.0,21.48,1,0.05,ROUNDING_DOWN_3
6676,97,2.76,17.79,18.87,76.5,2,2.11,ROUNDING_DOWN_3
2643,63,2.35,22.2,29.25,53.7,2,0.42,ROUNDING_DOWN_3
770,35,0.0,0.0,0.0,51.43,1,0.01,ROUNDING_DOWN_3
412,27,13.83,19.95,21.2,74.14,3,0.06,ROUNDING_DOWN_3
714,35,0.0,0.0,0.0,75.77,1,0.01,ROUNDING_DOWN_3
4679,82,2.91,46.24,61.98,28.37,3,1.55,ROUNDING_DOWN_3
926,38,6.16,23.97,27.65,62.73,3,0.14,ROUNDING_DOWN_3
571,31,2.1,12.72,50.0,12.72,2,0.03,ROUNDING_DOWN_3
218,22,0.0,0.0,0.0,85.63,1,0.0,ROUNDING_DOWN_3
6488,96,0.0,0.0,0.0,67.59,1,0.12,ROUNDING_DOWN_3
6448,96,3.8,21.0,21.53,76.52,3,2.6,ROUNDING_DOWN_3
2063,55,4.6,26.18,27.46,69.16,3,0.39,ROUNDING_DOWN_3
4416,80,3.49,24.91,26.43,69.33,3,1.3,ROUNDING_DOWN_3
2945,66,1.49,10.08,10.95,81.98,2,0.29,ROUNDING_DOWN_3
1637,50,0.0,0.0,0.0,76.98,1,0.03,ROUNDING_DOWN_3
2266,58,3.97,28.68,32.31,60.07,2,0.45,ROUNDING_DOWN_3
241,21,34.44,34.77,34.97,64.66,2,0.03,ROUNDING_DOWN_3
249,24,0.0,0.0,0.0,96.68,2,0.0,ROUNDING_DOWN_3
1454,48,0.0,0.0,0.0,49.48,1,0.02,ROUNDING_DOWN_3
2829,65,0.0,0.0,0.0,47.53,1,0.04,ROUNDING_DOWN_3
356,26,4.78,15.85,75.0,5.28,3,0.02,ROUNDING_DOWN_3
1412,47,0.0,0.0,0.0,52.79,1,0.02,ROUNDING_DOWN_3
6272,94,0.0,0.0,0.0,17.88,1,0.13,ROUNDING_DOWN_3
721,35,5.96,7.52,7.83,88.58,3,0.08,ROUNDING_DOWN_3
154,19,0.0,0.0,0.0,93.05,1,0.0,ROUNDING_DOWN_3
3815,75,0.0,0.0,0.0,37.15,1,0.06,ROUNDING_DOWN_3
1668,51,3.0,21.98,30.44,50.22,2,0.24,ROUNDING_DOWN_3
3920,76,0.64,5.81,6.05,90.18,2,0.22,ROUNDING_DOWN_3
1155,43,0.0,0.0,0.0,56.75,1,0.02,ROUNDING_DOWN_3
292,23,5.14,17.78,28.98,43.57,2,0.02,ROUNDING_DOWN_3
867,38,12.0,45.49,48.93,47.49,3,0.18,ROUNDING_DOWN_3
291,24,10.31,26.5,28.08,67.87,3,0.03,ROUNDING_DOWN_3
199,20,0.0,0.0,0.0,31.92,1,0.0,ROUNDING_DOWN_3
618,33,1.13,41.45,70.51,17.34,3,0.02,ROUNDING_DOWN_3
3376,70,0.0,0.0,0.0,55.92,1,0.05,ROUNDING_DOWN_3
4735,83,3.0,49.95,62.53,29.92,3,1.69,ROUNDING_DOWN_3
1775,52,2.59,26.39,41.45,37.29,2,0.21,ROUNDING_DOWN_3
462,29,2.6,5.82,6.02,90.86,3,0.02,ROUNDING_DOWN_3
4793,83,0.0,0.0,0.0,45.85,1,0.1,ROUNDING_DOWN_3
2549,61,3.77,46.67,65.22,24.88,3,0.57,ROUNDING_DOWN_3
3763,74,3.77,34.55,38.88,54.31,3,1.11,ROUNDING_DOWN_3
3035,67,0.0,0.0,0.0,31.15,1,0.05,ROUNDING_DOWN_3
4300,79,3.44,23.48,24.81,71.15,3,1.11,ROUNDING_DOWN_3
1909,54,5.61,23.72,23.93,75.39,3,0.36,ROUNDING_DOWN_3
537,30,0.0,0.0,0.0,33.79,1,0.01,ROUNDING_DOWN_3
1102,43,0.0,0.0,0.0,89.91,1,0.03,ROUNDING_DOWN_3
383,26,7.83,26.97,30.43,61.66,3,0.03,ROUNDING_DOWN_3
2897,66,2.66,38.45,64.86,20.83,3,0.53,ROUNDING_DOWN_3
1140,42,0.0,0.0,0.0,84.72,2,0.02,ROUNDING_DOWN_3
1077,41,0.0,0.0,0.0,88.51,1,0.01,ROUNDING_DOWN_3
570,31,9.3,20.51,22.4,71.03,3,0.07,ROUNDING_DOWN_3
492,29,10.57,49.33,62.93,29.06,3,0.05,ROUNDING_DOWN_3
4523,81,3.12,15.78,15.78,84.22,2,1.14,ROUNDING_DOWN_3
1753,52,0.0,0.0,0.0,10.57,1,0.03,ROUNDING_DOWN_3
200,21,5.5,13.2,13.47,84.79,2,0.01,ROUNDING_DOWN_3
5690,90,2.58,11.17,11.49,86.08,3,1.48,ROUNDING_DOWN_3
676,34,6.66,22.69,23.98,71.91,2,0.07,ROUNDING_DOWN_3
2794,64,0.0,0.0,0.0,30.84,1,0.04,ROUNDING_DOWN_3
271,23,1.11,2.9,3.99,69.79,2,0.01,ROUNDING_DOWN_3
491,30,8.96,50.6,62.06,30.94,3,0.07,ROUNDING_DOWN_3
1925,55,0.62,4.24,4.7,85.99,2,0.07,ROUNDING_DOWN_3
4246,78,0.78,19.52,50.0,19.52,2,0.39,ROUNDING_DOWN_3
26,10,0.0,0.0,0.0,33.2,1,0.0,ROUNDING_DOWN_3
2646,63,1.66,11.71,12.32,83.36,2,0.24,ROUNDING_DOWN_3
1329,45,0.0,0.0,0.0,23.49,1,0.02,ROUNDING_DOWN_3
6568,96,0.99,20.11,38.31,32.39,2,1.14,ROUNDING_DOWN_3
2304,59,4.77,17.72,18.89,76.1,3,0.44,ROUNDING_DOWN_3
391,27,6.14,19.96,33.57,39.49,2,0.02,ROUNDING_DOWN_3
955,40,0.0,0.0,0.0,21.58,1,0.01,ROUNDING_DOWN_3
359,26,3.9,2.49,9.07,24.99,2,0.02,ROUNDING_DOWN_3
723,35,9.68,36.35,39.0,56.86,3,0.12,ROUNDING_DOWN_3
391,27,0.0,0.0,0.0,90.21,1,0.01,ROUNDING_DOWN_3
235,21,12.34,17.36,20.44,67.58,2,0.02,ROUNDING_DOWN_3
212,21,15.09,17.29,17.76,80.11,3,0.01,ROUNDING_DOWN_3
2381,60,1.97,38.5,72.8,14.39,3,0.27,ROUNDING_DOWN_3
2188,58,0.0,0.0,0.0,20.81,1,0.03,ROUNDING_DOWN_3
4949,84,2.53,42.31,60.76,27.32,3,1.41,ROUNDING_DOWN_3
704,35,0.0,0.0,0.0,76.76,1,0.01,ROUNDING_DOWN_3
3051,67,5.51,20.34,20.79,77.49,2,0.82,ROUNDING_DOWN_3
6842,98,0.0,0.0,0.0,71.75,1,0.1,ROUNDING_DOWN_3
236,21,15.68,30.38,31.49,66.09,2,0.02,ROUNDING_DOWN_3
1548,49,0.0,0.0,0.0,57.8,1,0.02,ROUNDING_DOWN_3
5302,88,1.51,4.03,4.11,94.18,3,0.73,ROUNDING_DOWN_3
2490,61,5.02,20.72,21.78,74.44,3,0.55,ROUNDING_DOWN_3
424,28,4.01,22.8,30.89,51.02,2,0.03,ROUNDING_DOWN_3
564,31,5.32,21.88,27.38,58.03,2,0.05,ROUNDING_DOWN_3
1910,55,0.0,0.0,0.0,24.65,1,0.03,ROUNDING_DOWN_3
4197,77,2.03,16.36,19.99,65.48,2,0.62,ROUNDING_DOWN_3
1104,42,5.16,33.55,35.59,60.73,2,0.13,ROUNDING_DOWN_3
1550,49,5.87,40.34,45.31,48.7,3,0.3,ROUNDING_DOWN_3
645,33,13.49,21.59,22.23,75.54,3,0.1,ROUNDING_DOWN_3
609,33,2.63,15.11,69.03,6.78,3,0.03,ROUNDING_DOWN_3
1248,45,2.16,16.16,37.02,27.48,2,0.09,ROUNDING_DOWN_3
4479,81,0.0,0.0,0.0,93.07,1,0.06,ROUNDING_DOWN_3
1120,42,0.0,0.0,0.0,47.23,1,0.02,ROUNDING_DOWN_3
2906,67,99.97,5.21,5.21,94.79,2,6.1,ROUNDING_DOWN_3
101,16,4.95,11.27,50.0,11.27,2,0.0,ROUNDING_DOWN_3
3294,70,0.0,0.0,0.0,19.57,1,0.05,ROUNDING_DOWN_3
164,18,18.9,50.32,57.84,36.68,3,0.01,ROUNDING_DOWN_3
217,21,7.83,12.6,13.27,82.35,3,0.01,ROUNDING_DOWN_3
313,24,0.0,0.0,0.0,27.6,1,0.0,ROUNDING_DOWN_3
1307,45,0.0,0.0,0.0,53.97,1,0.02,ROUNDING_DOWN_3
1695,51,3.42,26.26,26.71,72.06,2,0.18,ROUNDING_DOWN_3
500,29,4.4,20.94,40.41,30.88,2,0.04,ROUNDING_DOWN_3
227,21,5.29,22.81,50.0,22.81,2,0.01,ROUNDING_DOWN_3
4703,82,1.45,25.96,43.03,34.38,2,0.68,ROUNDING_DOWN_3
578,31,4.84,36.13,47.43,40.05,2,0.05,ROUNDING_DOWN_3
5227,87,2.6,47.85,64.3,26.57,3,1.4,ROUNDING_DOWN_3
7087,100,2.57,14.94,15.79,79.67,3,2.18,ROUNDING_DOWN_3
2113,57,3.88,14.7,15.77,78.5,3,0.32,ROUNDING_DOWN_3
6975,99,0.47,6.63,7.57,80.99,2,0.49,ROUNDING_DOWN_3
3807,74,2.65,7.3,7.39,91.44,3,0.67,ROUNDING_DOWN_3
1186,44,0.08,3.95,50.0,3.95,2,0.04,ROUNDING_DOWN_3
262,22,4.58,19.12,37.74,31.54,2,0.02,ROUNDING_DOWN_3
1717,51,0.0,0.0,0.0,33.89,1,0.02,ROUNDING_DOWN_3
624,32,10.26,17.1,17.65,79.76,3,0.07,ROUNDING_DOWN_3
6259,94,1.69,33.81,65.51,17.8,3,1.41,ROUNDING_DOWN_3
2851,65,1.19,7.7,33.07,15.57,2,0.25,ROUNDING_DOWN_3
858,38,2.56,20.61,71.65,8.16,3,0.06,ROUNDING_DOWN_3
2971,67,2.19,5.59,5.87,89.71,3,0.39,ROUNDING_DOWN_3
3807,74,1.63,33.02,46.24,38.4,2,0.63,ROUNDING_DOWN_3
6944,99,3.25,45.73,46.65,52.3,3,2.77,ROUNDING_DOWN_3
3545,72,0.93,20.2,41.21,28.81,2,0.32,ROUNDING_DOWN_3
986,40,2.13,15.1,33.59,29.85,2,0.07,ROUNDING_DOWN_3
3935,76,1.52,23.73,74.7,8.04,3,0.54,ROUNDING_DOWN_3
5572,89,0.0,0.0,0.0,55.87,1,0.1,ROUNDING_DOWN_3
5246,87,0.84,16.91,44.6,21.0,2,0.61,ROUNDING_DOWN_3
1419,47,0.0,0.0,0.0,34.54,1,0.02,ROUNDING_DOWN_3
493,30,0.0,0.0,0.0,89.76,1,0.01,ROUNDING_DOWN_3
340,25,7.94,25.88,34.31,49.54,2,0.02,ROUNDING_DOWN_3
2435,61,0.57,9.05,50.0,9.05,2,0.12,ROUNDING_DOWN_3
3297,69,4.0,45.97,56.84,34.9,3,1.01,ROUNDING_DOWN_3
1744,53,1.09,4.56,4.81,90.14,2,0.08,ROUNDING_DOWN_3
1049,41,6.77,50.44,60.75,32.59,3,0.16,ROUNDING_DOWN_3
1803,53,4.05,36.23,55.32,29.26,3,0.34,ROUNDING_DOWN_3
6712,97,4.19,30.17,31.29,66.26,3,3.55,ROUNDING_DOWN_3
537,30,4.1,19.27,34.11,37.23,2,0.05,ROUNDING_DOWN_3
367,26,0.0,0.0,0.0,59.68,1,0.02,ROUNDING_DOWN_3
1103,42,3.72,39.02,68.7,17.78,3,0.16,ROUNDING_DOWN_3
3467,71,1.07,16.58,42.29,22.63,2,0.38,ROUNDING_DOWN_3
3632,73,0.0,0.0,0.0,23.41,1,0.07,ROUNDING_DOWN_3
657,33,6.24,38.52,69.05,17.26,3,0.07,ROUNDING_DOWN_3
2838,65,1.3,19.88,43.34,25.98,2,0.27,ROUNDING_DOWN_3
1178,43,6.03,20.45,22.95,68.67,3,0.18,ROUNDING_DOWN_3
1340,46,0.0,0.0,0.0,86.24,1,0.02,ROUNDING_DOWN_3
3276,69,1.53,21.82,40.4,32.19,2,0.41,ROUNDING_DOWN_3
979,39,0.0,0.0,0.0,37.08,1,0.01,ROUNDING_DOWN_3
76,14,1.32,10.44,50.0,10.44,2,0.0,ROUNDING_DOWN_3
2697,63,1.37,13.97,15.49,76.19,2,0.25,ROUNDING_DOWN_3
256,22,10.94,38.33,62.76,22.74,3,0.03,ROUNDING_DOWN_3
6669,97,0.0,0.0,0.0,51.73,1,0.12,ROUNDING_DOWN_3
4327,79,4.25,24.72,25.47,72.34,3,1.47,ROUNDING_DOWN_3
2515,62,3.94,12.62,13.62,80.0,3,0.52,ROUNDING_DOWN_3
412,28,0.0,0.0,0.0,23.52,1,0.01,ROUNDING_DOWN_3
1519,50,0.39,7.33,50.0,7.33,2,0.04,ROUNDING_DOWN_3
3428,71,1.72,32.06,67.88,15.17,3,0.58,ROUNDING_DOWN_3
6418,96,0.48,4.38,37.91,7.18,2,0.58,ROUNDING_DOWN_3
1316,46,0.0,0.0,0.0,8.48,1,0.02,ROUNDING_DOWN_3
1596,50,1.32,14.04,41.93,19.44,2,0.13,ROUNDING_DOWN_3
2928,66,0.0,0.0,0.0,69.4,1,0.05,ROUNDING_DOWN_3
6272,94,2.85,43.48,55.37,35.05,3,2.48,ROUNDING_DOWN_3
199,20,0.0,0.0,0.0,77.29,1,0.0,ROUNDING_DOWN_3
2856,65,1.23,19.16,44.1,24.29,2,0.3,ROUNDING_DOWN_3
5572,89,0.0,0.0,0.0,83.03,1,0.1,ROUNDING_DOWN_3
2872,66,0.0,0.0,0.0,7.1,1,0.04,ROUNDING_DOWN_3
3593,72,2.95,14.71,16.78,72.91,2,0.77,ROUNDING_DOWN_3
116,16,0.0,0.0,0.0,88.02,2,0.0,ROUNDING_DOWN_3
300,23,7.67,21.34,26.04,60.61,2,0.02,ROUNDING_DOWN_3
622,33,0.0,0.0,0.0,81.99,1,0.01,ROUNDING_DOWN_3
2920,66,3.08,29.95,35.13,55.3,2,0.55,ROUNDING_DOWN_3
6044,93,1.22,21.98,64.08,12.32,3,1.08,ROUNDING_DOWN_3
3258,69,0.0,0.0,0.0,49.59,1,0.06,ROUNDING_DOWN_3
3692,73,6.09,29.73,30.66,67.24,3,1.48,ROUNDING_DOWN_3
4567,81,0.0,0.0,0.0,52.37,1,0.08,ROUNDING_DOWN_3
229,22,5.24,25.81,75.0,8.6,3,0.01,ROUNDING_DOWN_3
486,30,0.0,0.0,0.0,46.22,1,0.01,ROUNDING_DOWN_3
40,11,0.0,0.0,0.0,6.25,1,0.0,ROUNDING_DOWN_3
3477,72,0.0,0.0,0.0,75.31,1,0.05,ROUNDING_DOWN_3
1630,50,5.03,52.39,57.79,38.26,3,0.29,ROUNDING_DOWN_3
2209,59,1.9,29.78,70.91,12.22,3,0.23,ROUNDING_DOWN_3
308,25,23.05,11.77,12.01,86.24,3,0.04,ROUNDING_DOWN_3
3863,76,0.0,0.0,0.0,91.79,1,0.07,ROUNDING_DOWN_3
3090,67,1.65,19.52,33.33,39.06,2,0.36,ROUNDING_DOWN_3
2135,57,1.12,17.93,41.39,25.39,2,0.15,ROUNDING_DOWN_3
128,18,5.47,23.67,75.0,7.89,3,0.01,ROUNDING_DOWN_3
65,13,0.0,0.0,0.0,24.66,1,0.0,ROUNDING_DOWN_3
4809,83,0.0,0.0,0.0,45.91,1,0.07,ROUNDING_DOWN_3
2330,59,0.0,0.0,0.0,57.28,1,0.05,ROUNDING_DOWN_3
961,41,1.25,6.41,75.0,2.14,3,0.04,ROUNDING_DOWN_3
34,11,44.12,8.11,9.45,77.64,3,0.0,ROUNDING_DOWN_3
156,18,0.0,0.0,0.0,72.34,2,0.0,ROUNDING_DOWN_3
253,22,5.14,4.83,5.13,89.31,3,0.01,ROUNDING_DOWN_3
3290,70,0.0,0.0,0.0,89.64,1,0.05,ROUNDING_DOWN_3
6982,99,0.0,0.0,0.0,31.95,1,0.1,ROUNDING_DOWN_3
1849,53,3.08,27.13,29.35,65.31,2,0.23,ROUNDING_DOWN_3
5401,87,2.93,31.54,33.97,61.3,3,1.68,ROUNDING_DOWN_3
1167,44,0.0,0.0,0.0,82.86,1,0.04,ROUNDING_DOWN_3
3367,70,3.03,20.33,22.32,70.74,3,0.75,ROUNDING_DOWN_3
366,26,3.55,4.41,4.97,84.21,3,0.02,ROUNDING_DOWN_3
32,10,18.75,46.97,60.43,30.76,3,0.0,ROUNDING_DOWN_3
6752,97,2.25,40.54,60.03,26.99,3,2.33,ROUNDING_DOWN_3
1455,47,6.87,29.14,31.1,64.56,3,0.29,ROUNDING_DOWN_3
6641,97,0.0,0.0,0.0,67.31,1,0.11,ROUNDING_DOWN_3
769,36,0.0,0.0,0.0,45.77,1,0.03,ROUNDING_DOWN_3
2829,65,1.56,3.21,3.36,92.3,3,0.3,ROUNDING_DOWN_3
1567,49,3.38,26.34,29.28,63.61,2,0.17,ROUNDING_DOWN_3
1868,53,4.6,21.29,23.1,70.88,3,0.34,ROUNDING_DOWN_3
6815,98,0.0,0.0,0.0,82.44,1,0.1,ROUNDING_DOWN_3
6571,97,0.59,6.36,45.06,7.75,2,0.62,ROUNDING_DOWN_3
123,17,0.0,0.0,0.0,28.59,1,0.0,ROUNDING_DOWN_3
171,18,7.02,21.38,38.97,33.48,2,0.01,ROUNDING_DOWN_3
1832,53,0.0,0.0,0.0,69.63,1,0.03,ROUNDING_DOWN_3
1624,50,0.0,0.0,0.0,26.15,1,0.02,ROUNDING_DOWN_3
7125,100,3.12,42.22,47.96,45.81,3,3.26,ROUNDING_DOWN_3
6849,98,2.82,49.23,59.27,33.84,3,3.01,ROUNDING_DOWN_3
5304,87,2.55,41.24,60.02,27.47,3,1.61,ROUNDING_DOWN_3
187,20,11.23,25.17,48.84,26.37,3,0.01,ROUNDING_DOWN_3
6008,93,0.63,5.05,5.2,92.09,2,0.47,ROUNDING_DOWN_3
5654,90,0.0,0.0,0.0,74.59,1,0.1,ROUNDING_DOWN_3
440,28,9.77,45.92,62.91,27.07,3,0.05,ROUNDING_DOWN_3
