node_count,bdd_depth,node_reduction,chance_wrong_output,chance_false_true_output,truth_ratio,levels,time,method
983,40,26.55,67.67,67.96,31.9,9,0.35,ROUNDING_UP
3056,67,0.0,0.0,0.0,43.38,1,0.05,ROUNDING_UP
4611,81,7.46,23.28,23.45,76.02,7,1.91,ROUNDING_UP
4898,84,10.62,32.42,32.47,67.43,10,2.93,ROUNDING_UP
4531,81,3.66,35.82,38.37,57.55,3,0.94,ROUNDING_UP
369,26,13.55,27.48,28.94,67.47,4,0.03,ROUNDING_UP
970,40,95.98,25.03,25.03,74.97,9,0.45,ROUNDING_UP
2099,56,10.67,60.36,63.84,34.19,5,0.62,ROUNDING_UP
533,31,0.0,0.0,0.0,84.96,1,0.01,ROUNDING_UP
314,25,33.12,47.53,47.84,51.83,9,0.04,ROUNDING_UP
544,31,6.43,42.68,54.53,35.59,3,0.04,ROUNDING_UP
913,39,7.67,27.1,29.82,63.79,3,0.09,ROUNDING_UP
777,36,22.52,12.43,12.45,87.41,9,0.15,ROUNDING_UP
800,36,20.38,68.57,69.96,29.44,8,0.19,ROUNDING_UP
298,24,93.96,39.84,39.84,60.16,5,0.05,ROUNDING_UP
2017,55,17.65,35.38,35.41,64.54,10,0.74,ROUNDING_UP
5829,91,10.72,38.0,38.05,61.88,8,3.49,ROUNDING_UP
3858,75,8.84,18.28,18.34,81.37,8,1.39,ROUNDING_UP
3011,68,0.8,7.13,75.0,2.38,3,0.15,ROUNDING_UP
4032,76,9.62,51.14,51.46,48.23,7,1.86,ROUNDING_UP
277,22,0.0,0.0,0.0,17.24,1,0.0,ROUNDING_UP
155,18,0.0,0.0,0.0,48.95,1,0.0,ROUNDING_UP
40,10,62.5,40.23,42.04,55.47,6,0.0,ROUNDING_UP
181,19,27.62,70.4,76.42,21.73,5,0.02,ROUNDING_UP
154,18,45.45,51.13,52.21,46.81,8,0.02,ROUNDING_UP
3540,71,8.67,53.16,54.95,43.59,6,1.27,ROUNDING_UP
3743,74,6.76,17.31,17.51,81.57,3,0.95,ROUNDING_UP
394,26,32.74,55.08,55.29,44.53,9,0.07,ROUNDING_UP
3698,73,6.57,72.11,76.84,21.74,6,1.21,ROUNDING_UP
1631,50,2.27,33.69,71.61,13.36,3,0.12,ROUNDING_UP
2046,56,0.0,0.0,0.0,37.64,1,0.03,ROUNDING_UP
762,36,14.17,17.89,18.09,81.02,7,0.1,ROUNDING_UP
376,27,17.02,9.03,9.22,88.95,6,0.03,ROUNDING_UP
957,40,0.0,0.0,0.0,84.05,1,0.02,ROUNDING_UP
5979,92,10.07,75.57,76.07,23.77,10,4.18,ROUNDING_UP
6494,96,8.92,68.15,68.51,31.33,9,4.3,ROUNDING_UP
7021,99,8.73,53.98,54.12,45.76,8,4.19,ROUNDING_UP
588,32,95.24,24.03,24.03,75.97,8,0.18,ROUNDING_UP
2370,60,16.46,56.78,56.91,43.0,9,1.12,ROUNDING_UP
3248,70,0.8,11.28,50.0,11.28,2,0.16,ROUNDING_UP
3055,67,8.77,70.96,76.42,21.9,5,1.12,ROUNDING_UP
3418,71,3.63,4.57,4.61,94.49,4,0.45,ROUNDING_UP
1248,45,20.51,68.34,68.72,31.11,7,0.39,ROUNDING_UP
1912,54,0.0,0.0,0.0,33.89,1,0.03,ROUNDING_UP
897,38,22.41,81.76,83.07,16.66,9,0.25,ROUNDING_UP
721,35,9.85,48.72,56.69,37.21,4,0.08,ROUNDING_UP
1269,45,7.17,17.2,17.78,79.55,3,0.13,ROUNDING_UP
221,21,27.15,63.32,69.02,28.42,5,0.02,ROUNDING_UP
161,18,44.72,51.49,52.36,46.84,6,0.02,ROUNDING_UP
5999,92,4.17,39.25,42.37,53.39,4,1.79,ROUNDING_UP
4069,77,9.81,13.86,13.88,86.01,8,1.67,ROUNDING_UP
1404,47,4.42,18.17,20.24,71.61,2,0.14,ROUNDING_UP
225,21,25.33,75.95,79.41,19.69,6,0.02,ROUNDING_UP
32,10,25.0,4.98,5.08,92.97,5,0.0,ROUNDING_UP
5770,91,1.99,38.3,82.78,7.96,4,1.1,ROUNDING_UP
4443,80,5.18,47.83,50.9,46.14,5,1.18,ROUNDING_UP
317,25,26.81,33.63,35.9,60.05,6,0.05,ROUNDING_UP
59,12,30.51,38.4,50.0,38.4,2,0.0,ROUNDING_UP
396,28,18.18,77.18,86.16,12.4,7,0.05,ROUNDING_UP
5255,87,9.72,84.67,86.46,13.26,7,3.0,ROUNDING_UP
902,39,11.97,19.68,20.4,76.79,5,0.12,ROUNDING_UP
3321,70,5.9,26.11,27.44,69.04,5,0.75,ROUNDING_UP
1839,53,17.24,61.48,61.66,38.23,9,0.64,ROUNDING_UP
4217,78,1.28,16.43,35.32,30.08,2,0.47,ROUNDING_UP
180,20,3.89,21.57,50.0,21.57,2,0.01,ROUNDING_UP
1643,50,13.51,63.12,64.47,34.78,5,0.47,ROUNDING_UP
1368,46,0.0,0.0,0.0,66.28,1,0.02,ROUNDING_UP
500,30,12.2,32.91,37.33,55.25,5,0.06,ROUNDING_UP
709,34,13.82,59.36,65.52,31.24,6,0.13,ROUNDING_UP
5629,89,98.56,23.49,23.49,76.51,6,14.25,ROUNDING_UP
1381,47,1.67,4.51,5.67,75.02,2,0.06,ROUNDING_UP
1504,48,0.0,0.0,0.0,38.29,1,0.04,ROUNDING_UP
2796,66,14.59,14.96,14.98,84.92,10,1.25,ROUNDING_UP
1866,54,0.0,0.0,0.0,82.8,2,0.03,ROUNDING_UP
3989,76,11.53,16.17,16.19,83.68,9,2.01,ROUNDING_UP
4300,79,11.58,69.76,70.18,29.64,9,2.36,ROUNDING_UP
1030,41,14.27,78.71,85.6,13.24,6,0.24,ROUNDING_UP
174,20,6.32,3.37,3.61,89.87,3,0.01,ROUNDING_UP
1621,50,20.54,38.22,38.29,61.59,10,0.56,ROUNDING_UP
3240,69,14.23,80.03,80.3,19.63,10,1.67,ROUNDING_UP
513,30,30.41,73.54,74.54,25.12,7,0.1,ROUNDING_UP
3805,75,12.51,20.89,20.91,79.03,10,1.87,ROUNDING_UP
6779,98,5.09,50.71,52.46,45.96,5,2.5,ROUNDING_UP
6528,96,5.33,34.74,35.52,63.06,4,2.43,ROUNDING_UP
2059,55,11.61,47.35,48.27,50.74,6,0.6,ROUNDING_UP
4080,77,14.0,70.67,70.86,29.06,10,2.93,ROUNDING_UP
2225,58,12.09,38.68,38.96,60.61,5,0.65,ROUNDING_UP
5937,92,3.67,58.27,63.76,33.12,3,1.62,ROUNDING_UP
3548,72,98.25,61.49,61.49,38.51,7,6.03,ROUNDING_UP
57,11,61.4,14.21,14.26,85.4,9,0.0,ROUNDING_UP
1800,52,10.5,49.32,50.7,47.96,5,0.42,ROUNDING_UP
1550,49,9.42,16.07,16.63,80.55,5,0.27,ROUNDING_UP
2583,63,0.0,0.0,0.0,95.81,2,0.04,ROUNDING_UP
7112,100,8.84,72.39,72.79,27.07,9,5.02,ROUNDING_UP
1719,52,0.52,11.16,50.0,11.16,2,0.06,ROUNDING_UP
196,20,7.65,18.6,24.37,57.73,2,0.01,ROUNDING_UP
3758,74,8.52,38.7,39.53,59.2,6,1.31,ROUNDING_UP
1133,44,17.3,93.02,97.33,2.55,8,0.33,ROUNDING_UP
3321,70,0.0,0.0,0.0,89.07,1,0.05,ROUNDING_UP
244,22,31.15,39.01,40.92,56.32,6,0.03,ROUNDING_UP
4613,82,0.0,0.0,0.0,40.48,1,0.08,ROUNDING_UP
759,35,20.95,51.51,52.14,47.28,6,0.13,ROUNDING_UP
6419,95,7.84,77.84,78.88,20.84,8,3.62,ROUNDING_UP
503,31,18.89,3.42,3.43,96.37,9,0.06,ROUNDING_UP
5332,87,7.45,61.71,62.49,37.05,5,2.33,ROUNDING_UP
3331,70,17.26,80.34,80.57,19.37,10,2.23,ROUNDING_UP
4976,85,1.91,15.4,17.79,71.15,3,0.63,ROUNDING_UP
104,15,61.54,36.9,37.46,61.62,8,0.01,ROUNDING_UP
5039,85,4.74,35.26,38.15,57.17,3,1.5,ROUNDING_UP
1913,54,7.42,28.72,30.01,66.97,3,0.33,ROUNDING_UP
4035,76,6.15,37.71,39.13,58.66,5,1.13,ROUNDING_UP
1755,52,2.56,15.2,17.43,72.01,3,0.11,ROUNDING_UP
542,31,23.06,32.11,32.41,66.97,8,0.09,ROUNDING_UP
1429,47,10.01,62.47,64.98,33.67,5,0.27,ROUNDING_UP
162,18,41.98,57.67,58.44,41.02,6,0.02,ROUNDING_UP
1030,41,6.31,53.81,70.42,22.6,3,0.12,ROUNDING_UP
5991,92,3.61,46.55,52.11,42.78,3,1.55,ROUNDING_UP
2300,59,16.91,38.72,38.8,61.06,10,1.05,ROUNDING_UP
2549,62,7.65,38.89,40.42,57.33,5,0.65,ROUNDING_UP
1293,45,16.55,47.44,47.91,51.58,8,0.37,ROUNDING_UP
893,39,20.27,83.8,87.34,12.15,7,0.24,ROUNDING_UP
307,24,48.21,42.15,42.25,57.6,10,0.05,ROUNDING_UP
855,38,21.52,9.55,9.55,90.4,9,0.18,ROUNDING_UP
191,19,33.51,47.5,49.85,47.8,6,0.02,ROUNDING_UP
5596,90,5.31,14.76,14.93,84.08,4,1.68,ROUNDING_UP
115,16,19.13,26.45,28.18,67.4,4,0.01,ROUNDING_UP
3328,70,13.43,64.73,64.91,34.98,9,1.64,ROUNDING_UP
5561,88,11.38,69.33,69.52,30.4,10,3.73,ROUNDING_UP
5832,91,9.79,53.33,53.54,46.28,9,3.72,ROUNDING_UP
893,39,23.29,90.37,92.2,7.65,7,0.24,ROUNDING_UP
180,21,13.33,6.26,6.45,90.77,6,0.01,ROUNDING_UP
612,33,9.31,41.29,45.62,49.22,4,0.07,ROUNDING_UP
2231,58,0.0,0.0,0.0,56.76,1,0.03,ROUNDING_UP
104,15,12.5,44.09,63.93,24.88,3,0.0,ROUNDING_UP
2299,59,11.4,80.6,83.37,16.07,6,0.77,ROUNDING_UP
2312,59,7.83,42.39,44.09,53.75,4,0.56,ROUNDING_UP
914,38,29.43,78.48,78.6,21.37,9,0.27,ROUNDING_UP
435,28,20.0,65.88,72.65,24.8,5,0.06,ROUNDING_UP
3969,76,7.13,32.01,32.49,66.51,6,1.32,ROUNDING_UP
2236,58,11.09,42.83,43.41,55.82,7,0.69,ROUNDING_UP
3510,72,10.63,37.51,37.82,61.67,7,1.41,ROUNDING_UP
176,19,36.36,63.99,67.26,31.15,4,0.02,ROUNDING_UP
1656,50,4.77,15.26,17.47,72.07,2,0.21,ROUNDING_UP
6389,95,9.0,52.05,52.3,47.48,7,4.21,ROUNDING_UP
1141,42,14.2,72.66,76.64,22.14,6,0.3,ROUNDING_UP
2984,66,10.46,82.68,85.76,13.73,7,1.26,ROUNDING_UP
3072,67,8.95,31.41,31.79,67.41,6,1.11,ROUNDING_UP
4409,80,4.81,17.28,17.7,80.36,3,0.99,ROUNDING_UP
95,15,24.21,51.61,60.88,33.17,3,0.01,ROUNDING_UP
2833,65,5.08,12.06,12.44,84.87,3,0.45,ROUNDING_UP
3899,75,0.0,0.0,0.0,56.03,1,0.06,ROUNDING_UP
3549,72,9.1,37.47,37.82,61.62,6,1.26,ROUNDING_UP
1188,43,21.38,54.43,54.56,45.34,10,0.34,ROUNDING_UP
4539,80,7.31,60.09,61.07,38.31,6,1.79,ROUNDING_UP
1248,44,19.07,67.64,68.85,30.6,8,0.39,ROUNDING_UP
1047,41,17.29,54.46,54.99,44.58,7,0.26,ROUNDING_UP
1251,44,16.63,80.22,81.34,18.4,6,0.36,ROUNDING_UP
195,20,0.0,0.0,0.0,62.38,1,0.0,ROUNDING_UP
2339,59,5.73,25.58,27.37,67.88,3,0.38,ROUNDING_UP
666,33,7.96,45.27,49.66,45.88,2,0.05,ROUNDING_UP
725,35,13.24,59.96,70.27,25.37,4,0.13,ROUNDING_UP
2934,66,12.78,18.68,18.72,81.08,9,1.66,ROUNDING_UP
3741,74,5.67,71.84,78.52,19.66,4,1.18,ROUNDING_UP
6292,94,8.82,45.46,45.66,54.1,6,3.87,ROUNDING_UP
5656,90,5.96,45.52,46.58,52.21,5,2.07,ROUNDING_UP
6680,98,0.0,0.0,0.0,10.8,1,0.1,ROUNDING_UP
309,24,43.69,51.59,51.91,47.79,9,0.06,ROUNDING_UP
86,14,26.74,66.49,79.36,17.3,5,0.01,ROUNDING_UP
1466,48,97.2,68.18,68.18,31.82,6,1.11,ROUNDING_UP
5618,89,11.8,66.17,66.33,33.58,10,3.96,ROUNDING_UP
5596,89,6.88,53.15,54.25,44.82,7,2.87,ROUNDING_UP
190,19,24.74,45.14,47.74,49.42,5,0.02,ROUNDING_UP
3247,69,12.87,58.84,59.11,40.71,4,1.53,ROUNDING_UP
360,26,25.83,25.76,26.02,73.26,6,0.04,ROUNDING_UP
3339,71,1.38,4.9,5.11,90.92,3,0.2,ROUNDING_UP
5389,88,5.27,46.06,47.86,50.18,3,1.76,ROUNDING_UP
4579,81,5.83,18.42,18.72,79.99,5,1.46,ROUNDING_UP
1590,49,14.09,38.84,39.17,60.3,7,0.49,ROUNDING_UP
395,27,38.23,37.87,38.16,61.36,9,0.09,ROUNDING_UP
4883,84,11.57,62.79,63.1,36.72,10,3.28,ROUNDING_UP
670,35,18.81,5.77,5.78,93.93,8,0.11,ROUNDING_UP
5249,87,2.72,24.93,27.11,67.02,2,0.99,ROUNDING_UP
4940,84,0.0,0.0,0.0,84.29,1,0.09,ROUNDING_UP
3835,75,0.91,14.55,45.0,17.78,2,0.29,ROUNDING_UP
3628,73,11.93,62.25,62.8,36.87,8,1.78,ROUNDING_UP
3333,70,14.82,69.53,69.68,30.25,10,2.0,ROUNDING_UP
367,26,46.59,47.46,47.54,52.38,10,0.08,ROUNDING_UP
917,39,12.87,60.57,65.86,31.39,6,0.21,ROUNDING_UP
2836,65,5.96,38.65,41.98,53.43,4,0.68,ROUNDING_UP
5472,88,8.41,82.0,83.5,16.2,7,2.99,ROUNDING_UP
2819,65,97.91,17.82,17.82,82.18,7,4.01,ROUNDING_UP
2334,59,6.77,45.67,50.18,45.34,3,0.55,ROUNDING_UP
3746,74,14.1,58.88,58.98,40.95,9,2.16,ROUNDING_UP
4062,76,0.0,0.0,0.0,69.26,1,0.06,ROUNDING_UP
1098,42,21.58,61.7,61.92,37.94,6,0.32,ROUNDING_UP
4973,85,4.28,8.31,8.41,90.46,4,1.19,ROUNDING_UP
377,26,32.1,57.57,58.7,40.5,7,0.07,ROUNDING_UP
2615,62,11.74,64.89,66.14,33.22,6,1.0,ROUNDING_UP
4308,79,8.64,57.2,58.43,40.69,5,1.86,ROUNDING_UP
5418,88,8.67,83.76,84.94,14.85,7,2.88,ROUNDING_UP
1630,50,11.29,63.47,65.46,33.49,6,0.38,ROUNDING_UP
6334,95,6.96,66.19,67.81,31.42,6,3.31,ROUNDING_UP
1787,53,18.91,82.54,83.03,16.87,9,0.69,ROUNDING_UP
4102,77,8.14,43.19,44.01,54.94,4,1.52,ROUNDING_UP
7070,100,4.94,60.15,63.55,34.5,5,3.2,ROUNDING_UP
555,31,26.85,71.48,71.91,27.93,9,0.11,ROUNDING_UP
536,30,32.84,26.5,26.59,73.16,10,0.11,ROUNDING_UP
37,11,0.0,0.0,0.0,98.34,1,0.0,ROUNDING_UP
1669,51,18.33,33.36,33.41,66.48,9,0.55,ROUNDING_UP
5457,88,0.0,0.0,0.0,76.95,1,0.1,ROUNDING_UP
6783,98,6.86,46.03,46.44,53.09,6,3.36,ROUNDING_UP
1272,45,12.19,28.35,28.58,70.83,4,0.21,ROUNDING_UP
743,35,28.26,26.06,26.1,73.8,10,0.2,ROUNDING_UP
1156,43,6.4,52.37,68.1,24.53,4,0.21,ROUNDING_UP
816,36,20.83,59.81,60.68,38.76,7,0.19,ROUNDING_UP
7007,99,6.44,44.7,46.0,52.48,6,3.42,ROUNDING_UP
6144,94,1.74,35.11,85.59,5.91,4,0.99,ROUNDING_UP
922,40,1.52,1.91,1.97,95.25,3,0.03,ROUNDING_UP
59,12,72.88,68.82,70.33,29.03,8,0.01,ROUNDING_UP
3083,67,6.33,41.58,43.75,53.46,4,0.77,ROUNDING_UP
976,39,6.76,24.25,26.09,68.7,3,0.08,ROUNDING_UP
773,35,25.61,50.25,50.6,49.06,8,0.19,ROUNDING_UP
3240,69,8.67,42.79,44.5,53.36,4,1.0,ROUNDING_UP
4927,84,9.95,45.64,45.89,53.81,7,2.66,ROUNDING_UP
1914,55,4.96,22.58,24.01,71.44,2,0.24,ROUNDING_UP
406,27,11.33,22.37,24.16,70.25,3,0.03,ROUNDING_UP
2308,59,0.0,0.0,0.0,24.57,1,0.03,ROUNDING_UP
4755,83,6.54,55.44,58.05,40.07,5,1.84,ROUNDING_UP
701,34,1.43,14.29,43.74,18.37,2,0.03,ROUNDING_UP
519,30,30.25,57.61,57.81,42.04,9,0.11,ROUNDING_UP
481,31,2.7,0.14,0.14,99.2,6,0.02,ROUNDING_UP
4264,79,4.43,27.93,29.16,67.85,4,0.95,ROUNDING_UP
4522,81,1.15,19.76,36.5,34.37,2,0.45,ROUNDING_UP
429,28,17.72,43.25,47.0,48.76,5,0.06,ROUNDING_UP
4522,81,11.88,66.06,66.3,33.58,10,2.77,ROUNDING_UP
3253,69,12.63,64.55,64.91,34.9,8,1.65,ROUNDING_UP
2388,60,12.77,35.71,36.04,63.38,7,0.76,ROUNDING_UP
1835,53,5.78,49.36,60.6,32.09,3,0.31,ROUNDING_UP
635,33,21.89,73.2,76.54,22.44,7,0.14,ROUNDING_UP
663,35,0.9,13.9,46.53,15.98,2,0.02,ROUNDING_UP
824,37,6.07,24.93,28.68,62.0,3,0.08,ROUNDING_UP
3253,69,0.0,0.0,0.0,28.17,1,0.05,ROUNDING_UP
6309,94,6.07,47.24,47.97,51.25,3,2.52,ROUNDING_UP
3612,73,6.64,67.28,73.17,24.66,6,1.27,ROUNDING_UP
3906,76,11.85,35.01,35.14,64.61,8,1.9,ROUNDING_UP
3064,69,0.0,0.0,0.0,5.74,1,0.04,ROUNDING_UP
1761,52,15.33,28.92,29.11,70.43,8,0.55,ROUNDING_UP
6419,96,7.98,37.77,37.98,61.67,6,3.28,ROUNDING_UP
2598,62,98.04,65.52,65.52,34.48,5,3.29,ROUNDING_UP
6661,97,0.0,0.0,0.0,48.84,1,0.12,ROUNDING_UP
602,32,10.47,40.7,44.75,50.26,3,0.07,ROUNDING_UP
730,35,17.53,76.98,79.64,19.68,7,0.13,ROUNDING_UP
1056,41,25.47,54.75,54.87,45.04,10,0.34,ROUNDING_UP
197,20,47.72,24.29,24.35,75.49,8,0.02,ROUNDING_UP
1085,42,22.76,21.24,21.3,78.47,9,0.28,ROUNDING_UP
6391,95,8.4,69.05,69.47,30.34,8,3.9,ROUNDING_UP
395,27,33.67,70.95,71.64,28.08,8,0.07,ROUNDING_UP
1271,47,9.05,2.23,2.23,97.58,6,0.16,ROUNDING_UP
5575,89,3.05,32.66,40.42,48.14,3,1.3,ROUNDING_UP
2281,59,1.58,16.88,75.0,5.63,3,0.15,ROUNDING_UP
1279,45,1.33,12.91,50.0,12.91,2,0.06,ROUNDING_UP
286,23,0.0,0.0,0.0,31.27,1,0.0,ROUNDING_UP
420,28,23.1,65.5,70.02,28.04,7,0.07,ROUNDING_UP
3685,73,9.5,33.43,33.55,66.22,6,1.32,ROUNDING_UP
5984,91,4.19,38.55,40.11,57.55,4,1.76,ROUNDING_UP
1558,49,21.57,71.08,71.35,28.54,10,0.6,ROUNDING_UP
53,12,81.13,80.86,85.54,13.67,9,0.0,ROUNDING_UP
235,22,39.57,83.54,85.41,14.27,7,0.03,ROUNDING_UP
208,20,3.37,26.67,73.99,9.38,3,0.01,ROUNDING_UP
1487,48,17.48,43.63,43.89,55.78,9,0.62,ROUNDING_UP
4306,78,12.96,48.44,48.64,51.14,10,2.71,ROUNDING_UP
3594,72,11.46,45.28,45.45,54.34,3,1.69,ROUNDING_UP
6500,96,7.31,74.55,76.51,22.89,6,3.83,ROUNDING_UP
2750,64,15.42,37.9,37.94,61.98,8,1.15,ROUNDING_UP
2876,65,4.8,32.4,34.63,61.18,4,0.53,ROUNDING_UP
6273,94,9.42,38.14,38.21,61.69,10,4.05,ROUNDING_UP
1644,50,15.39,20.99,21.06,78.69,8,0.55,ROUNDING_UP
618,33,6.15,27.22,34.52,51.63,2,0.05,ROUNDING_UP
1187,44,16.68,27.05,27.16,72.56,5,0.25,ROUNDING_UP
3522,72,98.13,17.55,17.55,82.45,10,5.8,ROUNDING_UP
6408,95,7.44,69.57,70.56,29.03,8,3.57,ROUNDING_UP
1447,47,0.0,0.0,0.0,75.54,1,0.02,ROUNDING_UP
3997,77,5.78,7.4,7.46,91.75,6,1.07,ROUNDING_UP
1024,41,12.3,8.95,9.0,90.46,7,0.18,ROUNDING_UP
2084,56,6.48,42.17,46.1,49.29,3,0.39,ROUNDING_UP
113,17,46.02,87.99,96.93,2.78,8,0.01,ROUNDING_UP
6681,98,2.51,52.1,80.05,12.98,4,1.6,ROUNDING_UP
207,20,49.76,25.45,25.5,74.36,8,0.02,ROUNDING_UP
4685,83,98.4,11.69,11.69,88.31,10,9.94,ROUNDING_UP
1782,53,0.0,0.0,0.0,54.51,1,0.03,ROUNDING_UP
339,25,35.99,35.23,35.49,64.04,8,0.05,ROUNDING_UP
1329,46,7.52,30.39,31.78,65.23,4,0.17,ROUNDING_UP
6060,93,98.56,12.08,12.08,87.92,7,16.41,ROUNDING_UP
4067,77,12.32,14.48,14.49,85.45,10,2.04,ROUNDING_UP
63,13,0.0,0.0,0.0,53.58,1,0.0,ROUNDING_UP
5776,91,10.53,93.25,93.77,6.19,10,4.05,ROUNDING_UP
1624,50,0.0,0.0,0.0,30.58,1,0.02,ROUNDING_UP
1077,42,0.0,0.0,0.0,81.45,1,0.02,ROUNDING_UP
1125,42,5.16,22.32,26.6,61.57,2,0.11,ROUNDING_UP
596,31,34.73,80.11,80.46,19.46,9,0.15,ROUNDING_UP
463,28,35.21,72.46,72.91,26.93,5,0.1,ROUNDING_UP
2712,63,8.67,46.25,47.35,51.43,5,0.78,ROUNDING_UP
3007,67,2.53,16.07,18.5,70.79,2,0.32,ROUNDING_UP
3683,73,5.92,65.6,69.89,28.26,5,1.11,ROUNDING_UP
73,13,83.56,36.12,36.69,62.32,10,0.01,ROUNDING_UP
6824,98,9.25,55.61,55.85,43.96,9,4.62,ROUNDING_UP
6991,99,1.96,15.87,18.08,71.91,3,1.27,ROUNDING_UP
436,28,28.67,54.42,55.99,42.78,8,0.08,ROUNDING_UP
1614,50,97.15,33.86,33.86,66.14,3,1.27,ROUNDING_UP
2386,60,14.79,21.87,21.9,78.02,10,0.87,ROUNDING_UP
468,29,15.38,62.07,75.5,20.14,4,0.05,ROUNDING_UP
254,22,93.7,35.56,35.56,64.44,6,0.04,ROUNDING_UP
1539,49,20.47,89.66,91.22,8.63,10,0.61,ROUNDING_UP
297,25,18.18,7.95,8.07,90.58,5,0.03,ROUNDING_UP
4989,85,12.09,69.69,69.81,30.13,10,3.37,ROUNDING_UP
2030,55,13.1,18.25,18.31,81.42,8,0.59,ROUNDING_UP
2572,62,8.71,16.23,16.38,82.86,6,0.64,ROUNDING_UP
631,33,1.74,14.94,50.0,14.94,2,0.02,ROUNDING_UP
1573,50,13.67,76.53,79.37,19.89,6,0.47,ROUNDING_UP
22,10,0.0,0.0,0.0,91.21,1,0.0,ROUNDING_UP
3532,72,7.84,85.25,89.76,9.72,7,1.32,ROUNDING_UP
1964,54,13.29,46.24,46.9,52.36,7,0.59,ROUNDING_UP
36,10,80.56,54.3,56.5,41.8,6,0.0,ROUNDING_UP
278,23,14.39,43.56,46.47,50.19,3,0.02,ROUNDING_UP
2994,67,11.19,24.18,24.29,75.38,8,1.1,ROUNDING_UP
2401,60,9.16,69.84,73.93,24.62,5,0.8,ROUNDING_UP
1631,50,23.36,70.71,70.9,29.02,10,0.86,ROUNDING_UP
479,29,34.66,60.56,60.79,39.06,9,0.1,ROUNDING_UP
3769,74,6.18,34.37,36.27,60.4,3,1.04,ROUNDING_UP
4631,82,98.47,14.72,14.72,85.28,3,9.82,ROUNDING_UP
275,22,14.91,40.88,44.02,51.99,3,0.02,ROUNDING_UP
257,22,0.0,0.0,0.0,35.05,1,0.0,ROUNDING_UP
2348,59,0.0,0.0,0.0,34.52,1,0.03,ROUNDING_UP
742,36,0.0,0.0,0.0,27.9,1,0.01,ROUNDING_UP
6347,94,5.01,36.55,37.87,59.98,3,2.26,ROUNDING_UP
2949,66,16.79,76.16,76.36,23.58,10,1.62,ROUNDING_UP
5723,90,5.98,73.61,79.24,19.29,6,2.37,ROUNDING_UP
377,26,0.0,0.0,0.0,27.46,1,0.01,ROUNDING_UP
2331,60,0.73,7.96,50.0,7.96,2,0.09,ROUNDING_UP
959,40,8.65,5.64,5.68,93.56,2,0.09,ROUNDING_UP
3535,72,9.25,43.52,43.91,55.6,6,1.48,ROUNDING_UP
251,21,1.99,3.88,4.95,74.44,2,0.01,ROUNDING_UP
186,19,46.77,18.36,18.39,81.47,10,0.02,ROUNDING_UP
3119,68,3.53,18.95,20.61,73.0,2,0.42,ROUNDING_UP
1315,46,4.18,33.19,80.78,7.9,4,0.13,ROUNDING_UP
32,10,71.88,56.15,69.11,25.1,7,0.0,ROUNDING_UP
7208,100,8.44,56.88,57.32,42.35,8,4.66,ROUNDING_UP
450,28,7.33,30.8,66.49,15.52,3,0.04,ROUNDING_UP
198,20,0.0,0.0,0.0,32.54,1,0.0,ROUNDING_UP
2499,61,11.76,60.33,61.82,37.26,8,0.85,ROUNDING_UP
5961,92,0.92,18.28,40.7,26.63,2,0.62,ROUNDING_UP
5666,91,7.87,89.57,92.02,7.77,9,2.9,ROUNDING_UP
59,12,0.0,0.0,0.0,52.83,1,0.0,ROUNDING_UP
850,37,19.65,71.79,74.04,25.17,6,0.2,ROUNDING_UP
63,12,50.79,43.9,47.42,48.68,6,0.0,ROUNDING_UP
4738,82,13.0,60.64,60.75,39.18,10,3.22,ROUNDING_UP
2833,65,14.9,53.82,53.92,45.99,10,1.35,ROUNDING_UP
992,40,13.71,42.82,43.55,55.52,6,0.17,ROUNDING_UP
5336,87,7.87,61.6,62.89,36.35,5,2.5,ROUNDING_UP
487,30,20.94,58.44,62.1,35.67,5,0.08,ROUNDING_UP
130,16,14.62,26.98,38.02,43.99,3,0.01,ROUNDING_UP
4486,81,6.53,82.17,90.56,8.56,6,1.75,ROUNDING_UP
373,26,32.98,10.57,10.59,89.28,9,0.05,ROUNDING_UP
121,15,71.07,23.39,23.45,76.34,9,0.02,ROUNDING_UP
3641,73,1.81,21.73,32.05,46.07,2,0.45,ROUNDING_UP
881,38,25.09,68.21,68.49,31.38,9,0.27,ROUNDING_UP
6332,95,9.24,87.12,88.09,11.78,9,4.58,ROUNDING_UP
450,28,26.44,63.04,67.56,30.27,6,0.09,ROUNDING_UP
3772,74,0.0,0.0,0.0,26.25,1,0.05,ROUNDING_UP
1480,48,20.14,70.92,71.34,28.49,7,0.57,ROUNDING_UP
655,33,0.0,0.0,0.0,13.27,1,0.01,ROUNDING_UP
6865,98,5.97,40.46,41.09,58.01,5,3.14,ROUNDING_UP
1023,41,20.72,79.11,79.83,19.99,9,0.3,ROUNDING_UP
6719,97,3.13,21.6,22.62,73.89,2,1.5,ROUNDING_UP
74,13,27.03,57.12,69.79,24.72,4,0.01,ROUNDING_UP
6994,99,11.75,53.58,53.65,46.3,10,5.77,ROUNDING_UP
397,27,24.69,71.73,74.99,23.93,8,0.06,ROUNDING_UP
4918,84,2.2,19.99,22.86,67.44,2,0.75,ROUNDING_UP
6416,96,6.66,6.93,6.94,92.9,9,2.9,ROUNDING_UP
395,28,32.66,12.15,12.17,87.69,8,0.06,ROUNDING_UP
1122,43,3.65,43.58,85.91,7.15,4,0.09,ROUNDING_UP
681,34,10.28,7.65,7.74,91.25,6,0.07,ROUNDING_UP
206,20,92.72,50.03,50.03,49.97,3,0.03,ROUNDING_UP
2349,59,7.07,52.98,56.72,40.42,5,0.5,ROUNDING_UP
144,17,45.83,44.89,46.45,51.75,7,0.02,ROUNDING_UP
539,31,0.0,0.0,0.0,53.43,1,0.01,ROUNDING_UP
1020,40,0.0,0.0,0.0,78.75,1,0.03,ROUNDING_UP
61,12,70.49,76.34,77.25,22.49,10,0.0,ROUNDING_UP
258,22,48.84,42.93,43.15,56.55,10,0.04,ROUNDING_UP
679,35,23.71,91.6,92.82,7.09,10,0.19,ROUNDING_UP
6650,97,1.25,21.83,33.62,43.11,2,0.92,ROUNDING_UP
491,29,94.91,67.98,67.98,32.02,5,0.15,ROUNDING_UP
4055,78,6.41,4.81,4.83,94.87,7,1.27,ROUNDING_UP
3094,68,1.23,22.95,47.03,25.84,2,0.23,ROUNDING_UP
2202,58,12.26,75.43,76.78,22.81,7,0.81,ROUNDING_UP
369,26,36.04,16.66,16.69,83.19,10,0.07,ROUNDING_UP
420,28,44.52,88.66,89.45,10.46,8,0.1,ROUNDING_UP
457,28,0.0,0.0,0.0,43.72,1,0.01,ROUNDING_UP
293,23,6.48,34.82,46.41,40.2,2,0.01,ROUNDING_UP
602,32,27.91,88.34,89.0,10.92,10,0.14,ROUNDING_UP
7197,100,8.32,29.59,29.66,70.18,8,4.28,ROUNDING_UP
227,21,6.61,22.78,38.37,36.59,2,0.01,ROUNDING_UP
467,29,11.35,11.61,11.9,86.0,5,0.03,ROUNDING_UP
288,23,27.08,53.11,54.64,44.09,6,0.03,ROUNDING_UP
177,19,75.71,21.84,21.84,78.16,9,0.02,ROUNDING_UP
855,37,28.54,78.89,79.31,20.58,5,0.25,ROUNDING_UP
156,18,30.77,55.84,56.72,42.61,7,0.01,ROUNDING_UP
341,26,25.51,27.11,27.36,71.99,4,0.03,ROUNDING_UP
339,25,10.03,33.73,54.72,27.91,4,0.02,ROUNDING_UP
4833,84,98.37,15.28,15.28,84.72,4,10.59,ROUNDING_UP
2664,63,97.86,54.52,54.52,45.48,7,3.43,ROUNDING_UP
1050,41,7.33,14.89,15.83,79.17,3,0.12,ROUNDING_UP
577,31,13.69,66.09,72.44,25.14,5,0.09,ROUNDING_UP
3762,75,6.3,80.14,95.96,3.37,7,1.2,ROUNDING_UP
3550,72,13.86,29.14,29.16,70.81,10,1.8,ROUNDING_UP
309,24,37.22,81.34,83.1,16.54,8,0.06,ROUNDING_UP
2387,62,3.48,0.92,0.93,98.41,7,0.25,ROUNDING_UP
1417,48,4.87,5.75,5.9,91.63,5,0.13,ROUNDING_UP
576,32,16.67,13.11,13.43,84.53,6,0.07,ROUNDING_UP
828,38,38.16,95.17,95.36,4.63,10,0.29,ROUNDING_UP
1824,53,14.8,16.19,16.24,83.54,8,0.51,ROUNDING_UP
6608,96,0.0,0.0,0.0,55.36,1,0.12,ROUNDING_UP
3450,71,8.75,38.35,38.83,60.4,6,1.18,ROUNDING_UP
99,15,66.67,81.15,82.72,16.95,10,0.01,ROUNDING_UP
1306,46,21.75,57.36,57.65,42.13,8,0.44,ROUNDING_UP
38,10,34.21,13.48,14.0,82.81,3,0.0,ROUNDING_UP
5438,88,4.91,42.28,44.92,51.84,4,1.73,ROUNDING_UP
1486,47,26.92,33.12,33.13,66.84,6,0.58,ROUNDING_UP
83,14,26.51,43.98,74.57,15.0,4,0.01,ROUNDING_UP
3107,67,4.35,58.3,67.81,27.67,3,0.6,ROUNDING_UP
760,35,31.71,57.99,58.13,41.77,10,0.22,ROUNDING_UP
3932,76,12.08,46.33,46.47,53.36,9,2.06,ROUNDING_UP
2777,64,10.88,72.47,73.87,25.63,7,1.03,ROUNDING_UP
4061,77,11.23,16.74,16.75,83.18,10,2.1,ROUNDING_UP
241,22,38.17,28.68,28.89,70.6,8,0.03,ROUNDING_UP
4549,81,6.18,11.59,11.7,87.5,6,1.52,ROUNDING_UP
461,29,0.0,0.0,0.0,92.39,1,0.01,ROUNDING_UP
2237,58,6.57,9.49,9.69,88.48,3,0.35,ROUNDING_UP
2420,60,97.73,21.48,21.48,78.52,4,2.72,ROUNDING_UP
628,33,24.68,5.83,5.83,94.11,10,0.11,ROUNDING_UP
4732,83,2.13,37.55,62.33,22.69,3,0.76,ROUNDING_UP
4737,82,5.7,40.6,42.17,55.68,5,1.5,ROUNDING_UP
4399,80,4.41,8.04,8.15,90.64,5,0.95,ROUNDING_UP
3278,69,5.16,25.67,26.78,70.17,3,0.67,ROUNDING_UP
1850,53,8.81,24.11,24.62,73.83,5,0.35,ROUNDING_UP
2086,57,8.87,6.73,6.74,93.08,7,0.42,ROUNDING_UP
1083,42,3.88,10.9,12.49,76.36,3,0.08,ROUNDING_UP
602,32,24.09,28.8,29.16,69.99,6,0.1,ROUNDING_UP
1313,46,8.45,20.92,21.77,75.18,3,0.16,ROUNDING_UP
6458,97,1.38,2.47,2.52,95.67,3,0.69,ROUNDING_UP
1120,43,18.84,83.36,86.53,12.97,8,0.36,ROUNDING_UP
1346,47,8.1,33.1,36.78,56.89,3,0.2,ROUNDING_UP
3832,75,0.0,0.0,0.0,91.8,1,0.06,ROUNDING_UP
1248,46,1.28,11.6,75.0,3.87,3,0.06,ROUNDING_UP
2536,62,15.85,76.16,76.38,23.55,10,1.26,ROUNDING_UP
4014,76,1.25,23.04,39.14,35.83,2,0.41,ROUNDING_UP
6797,98,9.93,44.9,44.99,54.9,10,5.17,ROUNDING_UP
1644,50,9.91,62.37,73.73,22.23,5,0.39,ROUNDING_UP
3927,75,5.86,39.35,41.01,56.59,4,1.1,ROUNDING_UP
317,27,0.0,0.0,0.0,2.68,1,0.01,ROUNDING_UP
2994,66,2.27,22.36,29.08,54.54,2,0.4,ROUNDING_UP
1505,49,5.51,41.74,53.65,36.07,3,0.23,ROUNDING_UP
1032,40,0.0,0.0,0.0,35.92,1,0.01,ROUNDING_UP
965,40,0.0,0.0,0.0,24.12,1,0.01,ROUNDING_UP
38,10,68.42,77.15,79.0,20.51,9,0.0,ROUNDING_UP
1721,52,5.11,60.83,82.07,13.29,4,0.26,ROUNDING_UP
106,15,0.0,0.0,0.0,78.59,1,0.0,ROUNDING_UP
160,17,34.38,25.2,25.89,72.14,5,0.01,ROUNDING_UP
268,23,38.06,10.45,10.5,89.08,9,0.04,ROUNDING_UP
3308,70,12.76,50.05,50.16,49.74,9,1.84,ROUNDING_UP
95,15,16.84,34.61,41.15,49.5,3,0.0,ROUNDING_UP
2524,61,97.86,28.27,28.27,71.73,5,3.05,ROUNDING_UP
2585,62,10.91,15.02,15.09,84.54,7,0.86,ROUNDING_UP
919,39,2.94,23.32,75.0,7.77,3,0.05,ROUNDING_UP
173,19,27.75,39.5,61.2,25.03,4,0.02,ROUNDING_UP
5350,88,6.09,83.11,91.54,7.68,7,2.35,ROUNDING_UP
359,25,42.06,50.32,50.58,49.17,9,0.06,ROUNDING_UP
6413,95,0.0,0.0,0.0,16.65,1,0.1,ROUNDING_UP
1762,52,10.27,47.95,50.21,47.56,4,0.4,ROUNDING_UP
3317,70,13.66,52.66,52.85,46.98,9,1.71,ROUNDING_UP
7157,100,7.95,25.16,25.21,74.61,8,4.16,ROUNDING_UP
6160,93,8.98,27.49,27.56,72.26,9,3.32,ROUNDING_UP
3145,68,15.77,49.64,49.73,50.18,10,1.9,ROUNDING_UP
1414,47,8.06,39.59,46.88,44.87,3,0.23,ROUNDING_UP
146,19,54.79,6.1,6.12,93.63,10,0.02,ROUNDING_UP
2300,58,10.61,53.16,54.39,44.57,6,0.7,ROUNDING_UP
153,18,32.03,28.13,29.71,66.54,6,0.01,ROUNDING_UP
24,9,41.67,12.3,12.5,86.13,6,0.0,ROUNDING_UP
5438,88,3.51,62.68,77.13,18.59,4,1.41,ROUNDING_UP
4356,79,3.42,48.47,60.24,31.99,3,0.94,ROUNDING_UP
96,15,7.29,28.7,36.12,50.75,3,0.0,ROUNDING_UP
4793,83,2.59,48.16,65.77,25.07,3,0.95,ROUNDING_UP
574,31,2.44,9.16,23.3,30.14,2,0.02,ROUNDING_UP
6474,96,98.72,26.83,26.83,73.17,3,19.05,ROUNDING_UP
6333,95,2.4,4.6,4.73,92.61,3,1.13,ROUNDING_UP
92,14,29.35,63.41,68.89,28.63,5,0.01,ROUNDING_UP
876,38,19.75,38.31,38.58,61.0,6,0.2,ROUNDING_UP
959,40,96.25,17.43,17.43,82.57,4,0.47,ROUNDING_UP
21,11,14.29,0.63,0.64,97.8,7,0.0,ROUNDING_UP
1638,50,14.16,41.61,42.15,57.12,7,0.51,ROUNDING_UP
2996,67,4.84,58.88,77.96,16.64,4,0.68,ROUNDING_UP
3370,71,0.0,0.0,0.0,94.12,1,0.07,ROUNDING_UP
812,37,17.0,46.46,46.88,52.65,7,0.13,ROUNDING_UP
2181,57,7.93,50.82,52.92,45.21,3,0.52,ROUNDING_UP
1958,54,8.63,66.29,72.12,25.62,5,0.46,ROUNDING_UP
6786,98,2.21,45.36,64.4,25.08,3,1.54,ROUNDING_UP
1585,49,0.0,0.0,0.0,19.0,1,0.02,ROUNDING_UP
46,11,71.74,62.06,62.55,37.16,7,0.0,ROUNDING_UP
71,13,81.69,29.83,30.25,68.8,10,0.01,ROUNDING_UP
1587,49,0.0,0.0,0.0,77.94,1,0.02,ROUNDING_UP
3969,77,1.94,23.82,32.36,49.8,2,0.54,ROUNDING_UP
5083,86,3.31,7.2,7.46,89.31,4,0.98,ROUNDING_UP
3415,70,10.42,42.47,42.74,56.89,6,1.29,ROUNDING_UP
3905,75,10.42,69.36,70.04,29.66,7,1.87,ROUNDING_UP
143,18,48.95,13.1,13.19,86.19,9,0.02,ROUNDING_UP
763,36,96.2,43.25,43.25,56.75,5,0.33,ROUNDING_UP
2131,56,19.15,51.69,51.76,48.17,10,0.91,ROUNDING_UP
2027,56,0.0,0.0,0.0,94.59,2,0.03,ROUNDING_UP
2006,54,9.17,55.0,57.69,40.34,4,0.49,ROUNDING_UP
2408,61,15.7,12.71,12.71,87.26,10,1.24,ROUNDING_UP
6902,99,6.8,13.49,13.52,86.28,6,3.03,ROUNDING_UP
2813,65,0.0,0.0,0.0,14.33,1,0.04,ROUNDING_UP
4188,78,12.46,33.23,33.28,66.61,9,2.23,ROUNDING_UP
6995,99,7.68,57.23,57.74,41.89,9,4.14,ROUNDING_UP
4427,80,0.72,11.12,43.46,14.47,2,0.26,ROUNDING_UP
2398,60,10.88,72.95,76.78,22.07,5,0.82,ROUNDING_UP
327,24,16.82,61.78,77.85,17.58,4,0.03,ROUNDING_UP
1128,42,0.0,0.0,0.0,32.91,1,0.02,ROUNDING_UP
1696,52,2.3,22.01,37.37,36.89,2,0.14,ROUNDING_UP
2473,61,8.94,19.36,19.52,79.84,4,0.56,ROUNDING_UP
4081,77,9.97,40.21,40.65,58.71,7,1.77,ROUNDING_UP
263,22,93.92,78.04,78.04,21.96,6,0.05,ROUNDING_UP
605,33,0.0,0.0,0.0,3.83,1,0.02,ROUNDING_UP
2099,56,0.0,0.0,0.0,54.68,1,0.03,ROUNDING_UP
2159,57,1.2,20.05,38.97,31.39,2,0.12,ROUNDING_UP
1117,43,8.42,15.41,15.99,80.96,3,0.14,ROUNDING_UP
4205,78,8.7,35.91,36.18,63.35,8,1.77,ROUNDING_UP
6703,97,7.0,57.18,57.99,41.42,7,3.51,ROUNDING_UP
6386,95,5.7,9.05,9.08,90.63,7,2.51,ROUNDING_UP
1190,44,11.18,73.58,96.31,2.82,7,0.29,ROUNDING_UP
146,17,0.68,20.19,43.36,26.37,2,0.0,ROUNDING_UP
3858,75,3.4,11.69,12.3,83.39,3,0.64,ROUNDING_UP
5027,85,5.39,17.67,18.04,80.28,6,1.36,ROUNDING_UP
178,20,10.11,2.07,2.15,94.39,5,0.01,ROUNDING_UP
3162,68,3.35,14.99,16.61,75.28,2,0.38,ROUNDING_UP
1424,48,0.0,0.0,0.0,90.05,1,0.02,ROUNDING_UP
618,32,37.54,47.57,47.63,52.31,9,0.15,ROUNDING_UP
3078,68,12.28,91.11,93.2,6.64,9,1.47,ROUNDING_UP
67,15,74.63,86.98,88.01,11.85,7,0.01,ROUNDING_UP
2639,63,4.96,15.94,16.55,80.35,4,0.4,ROUNDING_UP
3471,71,10.17,66.38,67.44,32.04,8,1.72,ROUNDING_UP
111,15,63.06,65.08,66.64,32.57,8,0.01,ROUNDING_UP
498,30,28.11,71.37,72.28,27.37,8,0.1,ROUNDING_UP
1648,50,3.22,41.03,69.96,17.62,3,0.18,ROUNDING_UP
6281,94,7.32,63.59,64.63,34.81,6,3.12,ROUNDING_UP
1558,49,16.11,35.32,35.52,64.12,7,0.43,ROUNDING_UP
2571,62,14.24,76.97,77.2,22.73,10,1.11,ROUNDING_UP
3172,68,6.94,52.99,56.33,41.08,5,0.91,ROUNDING_UP
5960,92,6.78,40.61,41.32,57.68,6,2.57,ROUNDING_UP
3246,69,9.4,67.87,69.13,30.31,5,1.09,ROUNDING_UP
517,30,0.0,0.0,0.0,9.6,1,0.01,ROUNDING_UP
1734,52,14.13,10.57,10.61,89.12,9,0.51,ROUNDING_UP
2726,64,10.05,10.76,10.8,88.88,8,0.83,ROUNDING_UP
3974,76,2.84,15.63,17.12,75.67,3,0.54,ROUNDING_UP
58,16,48.28,0.34,0.34,99.62,10,0.0,ROUNDING_UP
6495,96,9.16,85.27,85.96,13.93,10,4.53,ROUNDING_UP
296,24,20.95,76.71,83.89,14.73,6,0.03,ROUNDING_UP
6495,96,6.48,78.89,82.27,17.0,6,3.01,ROUNDING_UP
7003,99,5.5,39.89,40.69,58.14,6,2.86,ROUNDING_UP
4516,81,0.0,0.0,0.0,45.32,1,0.07,ROUNDING_UP
987,40,9.83,40.61,45.12,49.39,3,0.17,ROUNDING_UP
155,18,0.0,0.0,0.0,26.83,1,0.0,ROUNDING_UP
48,14,58.33,0.98,0.98,98.86,10,0.0,ROUNDING_UP
6142,93,8.5,45.15,45.31,54.49,7,3.37,ROUNDING_UP
1837,53,11.59,25.27,25.63,73.33,6,0.55,ROUNDING_UP
1140,43,9.12,11.06,11.16,88.05,6,0.16,ROUNDING_UP
3094,68,12.57,45.12,45.23,54.62,8,1.4,ROUNDING_UP
1458,47,0.0,0.0,0.0,22.87,1,0.04,ROUNDING_UP
147,18,61.9,91.36,92.28,7.64,10,0.02,ROUNDING_UP
588,32,17.01,75.5,89.58,8.78,7,0.09,ROUNDING_UP
583,32,33.28,32.13,32.16,67.76,10,0.13,ROUNDING_UP
6600,97,7.77,75.77,76.75,22.95,8,4.02,ROUNDING_UP
159,18,32.08,32.39,33.19,65.18,5,0.01,ROUNDING_UP
2596,62,1.93,19.28,27.17,51.69,2,0.27,ROUNDING_UP
6991,99,98.66,29.66,29.66,70.34,6,22.07,ROUNDING_UP
1117,43,16.65,85.31,91.1,8.34,6,0.33,ROUNDING_UP
4298,79,98.28,19.18,19.18,80.82,2,8.36,ROUNDING_UP
155,19,20.0,51.77,88.45,6.76,5,0.01,ROUNDING_UP
1671,51,13.76,70.56,72.6,26.63,7,0.5,ROUNDING_UP
2960,66,9.29,52.62,53.65,45.47,6,1.05,ROUNDING_UP
2404,60,8.82,48.58,50.13,48.33,5,0.64,ROUNDING_UP
3890,75,9.56,29.41,29.5,70.3,8,1.48,ROUNDING_UP
5718,90,1.64,30.77,39.81,46.51,2,0.83,ROUNDING_UP
4388,80,6.93,15.26,15.39,83.88,6,1.43,ROUNDING_UP
2768,65,6.86,78.1,85.95,12.77,6,0.74,ROUNDING_UP
6233,95,0.0,0.0,0.0,6.49,1,0.09,ROUNDING_UP
2626,62,13.59,49.66,49.84,49.98,9,1.1,ROUNDING_UP
3173,68,4.82,42.87,48.52,45.49,4,0.74,ROUNDING_UP
1935,54,1.34,18.68,40.41,27.55,2,0.13,ROUNDING_UP
1064,42,0.0,0.0,0.0,55.7,1,0.04,ROUNDING_UP
3409,71,5.9,22.08,22.74,75.02,4,0.8,ROUNDING_UP
617,33,1.94,27.63,75.0,9.21,3,0.03,ROUNDING_UP
942,39,4.88,30.66,35.33,56.12,2,0.08,ROUNDING_UP
2419,60,14.47,28.51,28.57,71.26,9,0.99,ROUNDING_UP
2128,57,18.56,62.6,62.81,37.06,8,0.93,ROUNDING_UP
4705,82,7.46,48.39,49.1,50.16,5,1.82,ROUNDING_UP
2689,63,14.06,75.14,75.44,24.46,8,1.14,ROUNDING_UP
392,27,36.73,90.58,92.07,7.8,10,0.08,ROUNDING_UP
191,20,92.67,36.89,36.9,63.1,10,0.02,ROUNDING_UP
3904,76,11.12,79.44,80.29,19.5,8,2.12,ROUNDING_UP
539,32,31.73,90.96,92.25,7.64,9,0.14,ROUNDING_UP
730,36,2.19,17.31,73.57,6.22,3,0.04,ROUNDING_UP
56,11,33.93,23.58,26.02,67.04,4,0.0,ROUNDING_UP
253,22,17.79,9.65,9.85,88.3,6,0.02,ROUNDING_UP
5466,88,7.74,53.05,53.68,45.78,7,2.6,ROUNDING_UP
6235,94,0.0,0.0,0.0,21.7,1,0.11,ROUNDING_UP
3183,69,9.14,84.44,87.49,12.07,6,1.17,ROUNDING_UP
6518,96,8.13,62.22,63.07,36.44,7,3.91,ROUNDING_UP
67,13,74.63,59.45,59.74,40.06,9,0.01,ROUNDING_UP
523,30,29.25,84.15,85.46,14.32,9,0.11,ROUNDING_UP
220,21,92.27,24.06,24.06,75.94,6,0.03,ROUNDING_UP
332,26,32.23,6.64,6.67,92.93,10,0.05,ROUNDING_UP
5200,86,0.0,0.0,0.0,81.0,1,0.08,ROUNDING_UP
1199,44,16.43,18.87,19.03,80.26,8,0.27,ROUNDING_UP
4197,79,8.84,12.86,12.9,86.85,6,1.52,ROUNDING_UP
2284,58,15.85,51.78,52.07,47.66,9,1.01,ROUNDING_UP
100,15,11.0,5.97,6.33,88.35,4,0.0,ROUNDING_UP
1428,47,5.18,38.25,55.72,30.4,3,0.24,ROUNDING_UP
727,35,1.24,6.2,37.09,10.52,2,0.02,ROUNDING_UP
93,14,75.27,19.09,19.1,80.83,10,0.01,ROUNDING_UP
2104,56,6.18,18.96,19.92,76.24,3,0.31,ROUNDING_UP
3443,71,13.62,28.38,28.41,71.49,10,1.77,ROUNDING_UP
4399,80,0.0,0.0,0.0,32.79,1,0.08,ROUNDING_UP
99,15,61.62,20.86,20.88,79.03,10,0.01,ROUNDING_UP
6945,100,0.86,20.25,73.29,7.38,3,0.66,ROUNDING_UP
1640,50,15.73,68.91,69.93,29.63,7,0.52,ROUNDING_UP
6213,94,1.14,20.84,35.12,38.5,2,0.77,ROUNDING_UP
565,31,17.7,61.92,67.61,29.66,5,0.1,ROUNDING_UP
83,13,39.76,24.35,26.41,67.86,4,0.01,ROUNDING_UP
2780,64,10.18,71.35,73.12,26.23,6,0.97,ROUNDING_UP
3301,70,6.57,20.67,21.23,76.66,5,0.79,ROUNDING_UP
2037,56,2.26,9.64,10.55,81.72,3,0.13,ROUNDING_UP
3998,76,14.91,49.03,49.1,50.83,10,2.49,ROUNDING_UP
1093,42,0.0,0.0,0.0,17.94,1,0.02,ROUNDING_UP
6627,97,10.46,36.93,36.96,62.98,10,4.8,ROUNDING_UP
4034,77,0.97,12.48,39.12,19.42,2,0.29,ROUNDING_UP
845,38,14.32,71.5,76.65,21.79,4,0.14,ROUNDING_UP
122,18,4.92,14.2,75.0,4.73,3,0.0,ROUNDING_UP
805,37,0.0,0.0,0.0,11.51,1,0.01,ROUNDING_UP
2206,57,2.86,22.41,31.52,48.69,2,0.26,ROUNDING_UP
734,36,9.4,9.69,9.91,88.08,6,0.07,ROUNDING_UP
480,30,13.96,2.78,2.79,96.82,8,0.04,ROUNDING_UP
6326,95,7.87,9.72,9.73,90.19,10,3.19,ROUNDING_UP
6061,92,9.32,29.19,29.23,70.68,10,3.55,ROUNDING_UP
1798,53,14.13,20.42,20.51,79.14,8,0.48,ROUNDING_UP
3191,69,7.27,67.0,72.19,25.81,4,0.96,ROUNDING_UP
82,16,19.51,34.07,81.33,7.82,4,0.0,ROUNDING_UP
6064,93,0.0,0.0,0.0,21.47,1,0.09,ROUNDING_UP
3933,75,7.42,39.53,40.35,58.43,4,1.31,ROUNDING_UP
3029,67,12.91,61.85,62.21,37.58,7,1.49,ROUNDING_UP
91,15,74.73,24.69,24.8,74.87,10,0.01,ROUNDING_UP
6565,96,9.09,63.43,63.86,35.9,9,5.52,ROUNDING_UP
5370,88,10.09,52.71,52.9,46.93,8,3.54,ROUNDING_UP
1057,41,7.66,42.11,50.24,41.71,3,0.17,ROUNDING_UP
1229,44,22.21,40.97,41.07,58.77,10,0.45,ROUNDING_UP
642,34,4.83,23.82,29.57,56.73,2,0.04,ROUNDING_UP
916,39,14.85,27.03,27.6,70.92,3,0.17,ROUNDING_UP
74,13,0.0,0.0,0.0,20.56,1,0.0,ROUNDING_UP
5673,90,7.74,68.48,70.11,29.19,5,2.97,ROUNDING_UP
967,39,23.68,76.82,77.65,22.11,9,0.31,ROUNDING_UP
52,11,38.46,20.46,23.83,65.38,4,0.0,ROUNDING_UP
33,10,75.76,9.96,10.0,89.65,10,0.0,ROUNDING_UP
142,18,71.13,78.38,78.55,21.41,9,0.02,ROUNDING_UP
3388,70,14.76,53.39,53.58,46.25,10,1.97,ROUNDING_UP
414,27,11.35,33.8,37.91,55.37,3,0.05,ROUNDING_UP
5579,89,3.64,46.47,53.3,40.72,3,1.73,ROUNDING_UP
3145,68,14.47,28.27,28.31,71.59,10,1.92,ROUNDING_UP
865,37,24.62,54.56,54.75,45.09,9,0.25,ROUNDING_UP
385,27,0.0,0.0,0.0,26.61,1,0.01,ROUNDING_UP
2901,65,8.72,26.68,27.3,71.06,3,0.78,ROUNDING_UP
7105,100,9.91,64.94,65.19,34.67,10,5.96,ROUNDING_UP
3796,74,0.0,0.0,0.0,28.47,1,0.07,ROUNDING_UP
1738,52,4.26,52.6,83.99,10.02,4,0.22,ROUNDING_UP
4333,79,8.33,37.1,37.62,61.53,5,1.83,ROUNDING_UP
5459,89,1.61,38.68,72.29,14.83,3,0.85,ROUNDING_UP
1156,43,6.83,52.4,76.68,15.93,4,0.18,ROUNDING_UP
2203,57,9.9,34.02,34.44,64.75,7,0.77,ROUNDING_UP
366,25,22.68,67.49,70.68,27.99,5,0.06,ROUNDING_UP
5801,91,98.64,36.75,36.75,63.25,3,17.38,ROUNDING_UP
923,38,3.36,21.28,35.24,39.1,2,0.07,ROUNDING_UP
1796,52,0.0,0.0,0.0,50.54,1,0.03,ROUNDING_UP
37,11,2.7,18.16,50.0,18.16,2,0.0,ROUNDING_UP
746,35,25.87,78.61,79.31,20.51,6,0.23,ROUNDING_UP
406,27,44.58,34.46,34.55,65.28,10,0.09,ROUNDING_UP
2895,65,11.99,39.67,39.89,59.77,8,1.11,ROUNDING_UP
2094,57,10.22,78.28,82.08,17.09,6,0.59,ROUNDING_UP
6383,95,5.25,55.49,57.62,40.82,4,2.48,ROUNDING_UP
4038,77,11.0,28.03,28.08,71.79,9,2.21,ROUNDING_UP
594,32,0.0,0.0,0.0,84.25,1,0.01,ROUNDING_UP
1098,43,14.66,3.01,3.01,96.94,8,0.21,ROUNDING_UP
6868,98,10.03,54.52,54.58,45.38,10,5.24,ROUNDING_UP
4260,78,9.95,63.54,64.21,35.42,9,2.3,ROUNDING_UP
7101,100,4.27,46.19,47.89,50.27,4,2.83,ROUNDING_UP
963,40,31.15,57.53,57.57,42.4,10,0.34,ROUNDING_UP
1125,42,7.47,47.62,58.71,33.49,3,0.18,ROUNDING_UP
98,15,55.1,53.76,54.23,45.37,3,0.01,ROUNDING_UP
4735,82,9.08,47.4,48.02,51.31,8,2.63,ROUNDING_UP
60,14,71.67,17.61,17.63,82.29,9,0.01,ROUNDING_UP
3246,69,3.48,46.56,61.77,28.82,3,0.74,ROUNDING_UP
533,30,14.63,23.71,23.9,75.51,6,0.07,ROUNDING_UP
5615,89,11.17,43.25,43.31,56.61,9,3.79,ROUNDING_UP
708,34,16.67,79.25,87.75,11.06,6,0.12,ROUNDING_UP
98,14,87.76,28.0,28.0,71.98,6,0.01,ROUNDING_UP
2212,58,6.06,42.86,47.16,48.02,3,0.43,ROUNDING_UP
4017,77,7.44,11.62,11.68,87.87,6,1.22,ROUNDING_UP
258,22,34.5,35.04,35.47,63.74,7,0.03,ROUNDING_UP
155,18,62.58,28.7,28.72,71.22,10,0.02,ROUNDING_UP
312,24,93.59,16.98,16.98,83.02,9,0.06,ROUNDING_UP
2791,65,8.71,9.44,9.5,89.97,3,0.72,ROUNDING_UP
3923,76,7.01,25.6,25.92,73.15,6,1.32,ROUNDING_UP
159,18,49.06,38.15,38.35,61.32,9,0.02,ROUNDING_UP
6679,97,6.95,13.38,13.42,86.33,9,3.84,ROUNDING_UP
3241,69,6.51,61.32,68.4,28.33,4,0.98,ROUNDING_UP
3581,72,0.0,0.0,0.0,81.21,1,0.05,ROUNDING_UP
4602,81,6.11,71.3,76.05,22.45,4,1.66,ROUNDING_UP
3135,68,0.0,0.0,0.0,36.15,1,0.05,ROUNDING_UP
141,16,0.0,0.0,0.0,68.53,1,0.0,ROUNDING_UP
4171,79,4.8,4.06,4.07,95.5,7,1.16,ROUNDING_UP
4371,80,4.23,7.89,7.97,91.16,3,0.92,ROUNDING_UP
5473,89,98.54,13.92,13.92,86.08,3,14.92,ROUNDING_UP
4353,80,98.35,14.48,14.48,85.52,5,9.22,ROUNDING_UP
1039,41,6.64,14.47,15.71,77.67,3,0.1,ROUNDING_UP
2433,60,12.04,38.31,38.53,61.14,8,0.83,ROUNDING_UP
4913,84,7.73,69.1,71.17,28.0,7,2.38,ROUNDING_UP
1594,50,4.39,14.78,16.7,73.73,2,0.14,ROUNDING_UP
2094,57,11.13,18.52,18.61,81.02,8,0.56,ROUNDING_UP
1322,45,97.13,79.81,79.81,20.19,10,1.01,ROUNDING_UP
4001,76,6.82,8.32,8.36,91.11,6,1.22,ROUNDING_UP
1635,51,13.58,60.81,62.23,36.9,6,0.47,ROUNDING_UP
4701,82,11.83,69.08,69.21,30.73,9,2.82,ROUNDING_UP
182,19,37.91,51.82,53.76,44.57,5,0.02,ROUNDING_UP
421,27,33.73,45.98,46.22,53.51,9,0.07,ROUNDING_UP
6944,99,10.9,79.24,79.35,20.62,8,5.83,ROUNDING_UP
1136,42,6.07,15.96,17.75,73.95,2,0.13,ROUNDING_UP
2027,56,1.78,23.05,42.9,30.69,2,0.19,ROUNDING_UP
1991,55,17.48,28.63,28.7,71.15,10,0.93,ROUNDING_UP
1533,49,1.37,16.94,46.1,19.81,2,0.11,ROUNDING_UP
1348,46,19.51,63.71,64.23,35.49,5,0.5,ROUNDING_UP
2896,65,0.0,0.0,0.0,48.58,1,0.05,ROUNDING_UP
51,12,56.86,53.44,59.42,36.5,6,0.0,ROUNDING_UP
2939,66,17.49,42.45,42.5,57.43,10,1.81,ROUNDING_UP
4589,81,10.18,77.71,78.31,21.53,8,3.42,ROUNDING_UP
373,27,0.0,0.0,0.0,96.13,1,0.01,ROUNDING_UP
1790,52,13.35,35.47,36.02,62.99,6,0.68,ROUNDING_UP
621,32,3.38,14.2,34.95,26.44,2,0.04,ROUNDING_UP
825,38,6.67,52.75,89.84,5.97,5,0.13,ROUNDING_UP
555,31,11.53,45.39,48.09,48.99,5,0.08,ROUNDING_UP
4595,81,0.0,0.0,0.0,57.35,1,0.08,ROUNDING_UP
508,30,17.72,12.28,12.4,86.71,5,0.07,ROUNDING_UP
2729,64,97.91,43.53,43.53,56.47,10,4.12,ROUNDING_UP
5252,87,4.17,69.33,77.63,19.98,4,1.91,ROUNDING_UP
3063,67,8.95,51.81,53.35,45.3,6,1.19,ROUNDING_UP
4552,81,98.35,28.53,28.53,71.47,9,10.75,ROUNDING_UP
1022,41,17.61,13.39,13.41,86.45,8,0.28,ROUNDING_UP
1989,55,13.52,18.92,18.94,80.98,9,0.57,ROUNDING_UP
7038,100,10.6,82.66,82.94,17.0,10,6.18,ROUNDING_UP
3013,67,5.84,5.28,5.31,94.02,6,0.65,ROUNDING_UP
520,30,0.0,0.0,0.0,16.88,1,0.01,ROUNDING_UP
3115,68,9.28,62.99,64.4,34.81,7,1.11,ROUNDING_UP
3482,71,12.26,69.33,69.76,30.05,9,1.83,ROUNDING_UP
76,14,77.63,85.3,85.51,14.46,9,0.01,ROUNDING_UP
5584,89,5.95,68.08,72.18,26.24,5,2.32,ROUNDING_UP
5067,85,0.53,10.1,47.79,11.03,2,0.3,ROUNDING_UP
278,22,33.81,33.41,34.23,64.2,7,0.03,ROUNDING_UP
5134,85,6.04,48.86,50.31,48.27,4,1.93,ROUNDING_UP
4049,77,8.55,16.73,16.78,82.94,6,1.3,ROUNDING_UP
1563,49,18.3,35.04,35.12,64.74,9,0.56,ROUNDING_UP
1494,48,15.6,28.22,28.35,71.33,7,0.36,ROUNDING_UP
3762,74,0.0,0.0,0.0,20.27,1,0.05,ROUNDING_UP
4585,81,2.53,31.35,35.32,57.41,2,0.69,ROUNDING_UP
1065,41,8.92,26.69,28.61,66.58,4,0.16,ROUNDING_UP
68,13,4.41,2.77,6.31,41.17,2,0.0,ROUNDING_UP
4241,78,7.85,59.62,60.84,38.37,5,1.6,ROUNDING_UP
1208,44,13.41,74.54,81.3,17.14,7,0.29,ROUNDING_UP
1687,51,1.07,16.18,44.45,20.22,2,0.08,ROUNDING_UP
494,31,24.9,92.31,98.02,1.87,10,0.1,ROUNDING_UP
567,31,16.58,38.42,41.92,53.24,3,0.07,ROUNDING_UP
90,14,87.78,73.86,73.9,26.09,5,0.01,ROUNDING_UP
3469,71,9.28,55.08,56.14,43.04,7,1.36,ROUNDING_UP
714,35,17.65,19.29,19.37,80.28,6,0.09,ROUNDING_UP
2307,59,15.0,67.26,67.86,31.86,9,1.0,ROUNDING_UP
2077,56,12.71,20.17,20.27,79.35,9,0.78,ROUNDING_UP
6218,94,4.79,6.88,6.93,92.42,4,1.89,ROUNDING_UP
1584,50,15.15,8.86,8.88,90.87,8,0.41,ROUNDING_UP
2758,65,14.36,73.59,73.97,25.9,10,1.6,ROUNDING_UP
261,22,41.0,71.7,72.4,27.33,9,0.04,ROUNDING_UP
1345,46,5.43,11.04,11.43,85.57,5,0.15,ROUNDING_UP
244,22,52.87,31.99,32.08,67.72,9,0.04,ROUNDING_UP
1234,44,12.24,31.72,32.14,66.97,6,0.26,ROUNDING_UP
6292,95,7.15,88.07,90.41,9.34,7,3.71,ROUNDING_UP
7030,99,4.67,23.01,23.24,75.99,4,2.46,ROUNDING_UP
5085,85,3.19,15.62,16.36,79.84,2,1.0,ROUNDING_UP
6152,93,9.82,51.32,51.47,48.39,9,4.27,ROUNDING_UP
166,23,0.0,0.0,0.0,99.82,5,0.0,ROUNDING_UP
1627,50,9.71,18.55,18.79,80.19,6,0.28,ROUNDING_UP
4530,82,6.25,3.66,3.67,96.17,8,1.47,ROUNDING_UP
761,35,12.22,52.8,59.26,36.3,4,0.12,ROUNDING_UP
3558,72,9.47,68.79,70.03,29.44,4,1.44,ROUNDING_UP
6079,93,6.7,89.03,91.45,8.32,8,2.99,ROUNDING_UP
1145,43,7.86,38.26,46.19,44.57,3,0.18,ROUNDING_UP
2338,59,14.03,69.99,70.56,29.21,7,0.9,ROUNDING_UP
4048,77,8.37,38.15,38.63,60.61,6,1.51,ROUNDING_UP
3260,69,9.82,47.06,47.62,51.77,6,1.19,ROUNDING_UP
5243,87,1.68,5.26,5.44,91.49,2,0.52,ROUNDING_UP
5777,90,0.9,17.61,37.87,28.89,2,0.51,ROUNDING_UP
4816,84,11.57,68.02,68.4,31.42,10,2.89,ROUNDING_UP
1304,45,17.87,48.99,49.3,50.38,8,0.37,ROUNDING_UP
922,39,0.0,0.0,0.0,42.92,1,0.01,ROUNDING_UP
6280,94,10.51,58.65,58.79,41.11,10,4.18,ROUNDING_UP
3853,75,7.94,78.07,80.68,18.7,7,1.47,ROUNDING_UP
332,24,27.71,38.59,39.78,58.44,5,0.04,ROUNDING_UP
4894,83,6.64,35.13,35.39,64.13,7,1.82,ROUNDING_UP
1077,42,17.92,37.91,38.08,61.63,6,0.23,ROUNDING_UP
241,21,0.0,0.0,0.0,45.96,1,0.0,ROUNDING_UP
581,32,28.06,88.24,92.88,6.76,7,0.13,ROUNDING_UP
2740,65,10.15,82.3,88.16,11.05,6,0.95,ROUNDING_UP
344,25,22.38,19.69,19.92,79.18,6,0.04,ROUNDING_UP
427,28,1.87,19.11,69.67,8.32,3,0.01,ROUNDING_UP
5969,92,11.49,35.07,35.1,64.84,8,4.08,ROUNDING_UP
1487,48,8.88,66.87,75.76,21.4,4,0.31,ROUNDING_UP
5301,87,6.85,62.32,64.19,34.76,6,2.37,ROUNDING_UP
2485,60,6.04,37.88,44.38,47.48,3,0.49,ROUNDING_UP
688,34,13.08,27.44,28.44,69.07,4,0.08,ROUNDING_UP
1711,51,10.29,56.8,58.58,40.17,6,0.38,ROUNDING_UP
542,30,30.81,33.93,34.12,65.49,8,0.11,ROUNDING_UP
1977,55,1.21,22.16,47.64,24.36,2,0.11,ROUNDING_UP
153,18,48.37,48.05,48.7,50.61,9,0.02,ROUNDING_UP
5358,88,5.3,11.46,11.57,87.65,7,2.05,ROUNDING_UP
2756,64,5.19,65.34,79.44,16.91,4,0.54,ROUNDING_UP
2671,63,10.63,58.36,60.14,38.68,6,0.96,ROUNDING_UP
882,37,0.0,0.0,0.0,49.79,1,0.01,ROUNDING_UP
1044,41,14.37,65.78,67.66,31.45,7,0.26,ROUNDING_UP
489,29,1.64,10.6,50.0,10.6,2,0.02,ROUNDING_UP
3249,69,6.22,37.39,40.18,55.67,3,0.84,ROUNDING_UP
342,25,41.23,31.81,31.88,67.98,9,0.06,ROUNDING_UP
2783,64,11.75,79.95,80.77,19.04,8,1.06,ROUNDING_UP
4819,83,8.11,48.89,49.48,49.93,6,2.06,ROUNDING_UP
1720,51,13.31,47.81,48.2,51.38,7,0.48,ROUNDING_UP
3729,74,11.58,50.68,51.01,48.68,9,1.88,ROUNDING_UP
3120,68,6.67,11.16,11.28,87.77,7,0.85,ROUNDING_UP
6324,94,6.51,71.93,74.15,25.08,6,2.93,ROUNDING_UP
278,24,44.96,2.1,2.1,97.86,10,0.04,ROUNDING_UP
2608,62,13.84,70.12,70.78,28.95,9,1.11,ROUNDING_UP
3671,73,0.0,0.0,0.0,67.27,1,0.05,ROUNDING_UP
2175,58,0.74,8.34,44.0,10.61,2,0.1,ROUNDING_UP
2700,63,14.59,60.51,60.66,39.25,9,1.26,ROUNDING_UP
2350,59,5.53,58.01,73.33,21.09,4,0.5,ROUNDING_UP
2527,62,0.0,0.0,0.0,88.77,1,0.04,ROUNDING_UP
212,20,52.83,61.76,61.81,38.16,10,0.03,ROUNDING_UP
6397,95,1.74,27.98,34.42,53.31,2,1.01,ROUNDING_UP
134,17,2.99,4.02,4.52,84.9,2,0.0,ROUNDING_UP
1497,49,13.23,80.23,84.72,14.47,7,0.44,ROUNDING_UP
4731,83,0.0,0.0,0.0,92.27,1,0.07,ROUNDING_UP
341,25,22.58,13.91,14.03,85.21,7,0.04,ROUNDING_UP
1853,54,3.78,41.54,66.99,20.47,3,0.25,ROUNDING_UP
6450,96,7.21,67.43,68.55,30.93,7,3.32,ROUNDING_UP
2373,60,12.01,8.02,8.03,91.9,8,0.72,ROUNDING_UP
3737,74,1.1,3.31,3.48,91.88,2,0.23,ROUNDING_UP
2089,56,18.29,75.24,75.69,24.16,10,0.99,ROUNDING_UP
2011,55,3.73,39.5,59.81,26.55,3,0.29,ROUNDING_UP
502,29,36.06,72.45,73.07,26.7,9,0.11,ROUNDING_UP
1262,45,13.23,49.66,50.64,48.4,6,0.32,ROUNDING_UP
587,32,22.49,74.53,76.89,22.4,8,0.12,ROUNDING_UP
6998,99,2.59,20.71,21.94,73.71,2,1.48,ROUNDING_UP
1593,50,96.99,19.94,19.94,80.06,7,1.2,ROUNDING_UP
3462,71,12.88,38.86,38.99,60.81,10,1.84,ROUNDING_UP
3506,72,3.79,30.87,34.97,57.41,3,0.63,ROUNDING_UP
6946,99,0.0,0.0,0.0,94.38,2,0.13,ROUNDING_UP
1959,55,10.06,19.25,19.36,80.19,6,0.4,ROUNDING_UP
216,21,26.39,56.05,59.91,37.51,5,0.02,ROUNDING_UP
1886,54,11.08,37.37,38.0,60.98,5,0.53,ROUNDING_UP
836,37,9.93,20.36,21.4,74.75,5,0.08,ROUNDING_UP
5270,87,6.7,78.48,80.8,18.65,5,2.18,ROUNDING_UP
3912,76,2.33,17.13,20.46,66.59,2,0.51,ROUNDING_UP
573,31,6.11,12.89,15.08,72.6,2,0.03,ROUNDING_UP
815,38,13.62,5.34,5.36,94.24,7,0.12,ROUNDING_UP
3711,74,9.67,69.77,70.8,28.78,8,1.7,ROUNDING_UP
1820,53,97.2,32.02,32.02,67.98,6,1.62,ROUNDING_UP
254,23,0.0,0.0,0.0,88.86,1,0.0,ROUNDING_UP
843,37,17.32,69.18,71.2,27.98,7,0.17,ROUNDING_UP
2416,60,17.3,75.14,75.45,24.45,9,1.32,ROUNDING_UP
549,31,25.5,81.51,88.48,10.61,6,0.11,ROUNDING_UP
2493,61,6.62,59.83,73.36,21.72,4,0.59,ROUNDING_UP
2294,58,0.0,0.0,0.0,72.0,1,0.03,ROUNDING_UP
2845,65,4.32,25.5,27.48,67.3,4,0.51,ROUNDING_UP
1068,41,96.44,39.46,39.46,60.54,5,0.58,ROUNDING_UP
298,25,6.04,10.32,12.7,70.92,2,0.01,ROUNDING_UP
278,24,16.91,40.47,43.16,53.31,4,0.02,ROUNDING_UP
665,34,6.02,46.6,86.34,7.37,4,0.05,ROUNDING_UP
150,17,54.0,68.31,69.11,30.54,6,0.02,ROUNDING_UP
79,13,43.04,44.37,46.41,51.23,6,0.01,ROUNDING_UP
1058,41,29.3,44.82,44.85,55.12,10,0.39,ROUNDING_UP
1460,48,97.19,35.27,35.27,64.73,7,1.07,ROUNDING_UP
6554,96,6.55,71.92,73.66,25.71,7,3.21,ROUNDING_UP
2460,61,0.0,0.0,0.0,5.26,1,0.05,ROUNDING_UP
47,11,76.6,81.84,82.81,16.99,10,0.0,ROUNDING_UP
64,13,0.0,0.0,0.0,47.36,1,0.0,ROUNDING_UP
3759,74,4.82,56.9,61.67,35.36,3,0.89,ROUNDING_UP
4211,78,98.36,39.37,39.37,60.63,5,8.17,ROUNDING_UP
6606,96,2.07,45.82,64.99,24.69,3,1.51,ROUNDING_UP
1836,53,0.0,0.0,0.0,27.45,1,0.03,ROUNDING_UP
2073,56,97.64,65.26,65.26,34.74,7,2.19,ROUNDING_UP
2474,61,12.21,51.39,52.09,47.26,6,0.96,ROUNDING_UP
6604,97,0.0,0.0,0.0,95.17,1,0.11,ROUNDING_UP
1149,43,96.95,65.73,65.73,34.27,9,0.71,ROUNDING_UP
2849,66,15.13,83.96,84.31,15.63,10,1.42,ROUNDING_UP
72,13,81.94,20.34,20.48,78.98,10,0.01,ROUNDING_UP
1091,41,18.42,76.12,77.07,22.65,8,0.28,ROUNDING_UP
6661,97,3.5,27.08,28.53,67.86,3,1.77,ROUNDING_UP
1948,55,0.0,0.0,0.0,7.85,1,0.03,ROUNDING_UP
5398,88,98.46,12.67,12.67,87.33,7,13.11,ROUNDING_UP
3656,73,10.34,81.59,82.76,16.99,8,1.65,ROUNDING_UP
776,36,11.34,32.89,35.12,60.76,5,0.09,ROUNDING_UP
2522,61,11.54,39.14,39.4,60.19,7,0.91,ROUNDING_UP
4516,81,1.97,3.54,3.64,93.72,3,0.45,ROUNDING_UP
2789,64,2.47,25.0,34.38,47.72,2,0.32,ROUNDING_UP
5758,90,9.14,30.08,30.15,69.67,9,3.37,ROUNDING_UP
6582,96,6.65,77.61,79.07,20.54,7,3.34,ROUNDING_UP
5500,89,6.27,8.03,8.05,91.68,7,1.99,ROUNDING_UP
2084,56,9.07,69.96,76.65,21.31,5,0.52,ROUNDING_UP
124,17,49.19,12.89,12.91,86.91,9,0.01,ROUNDING_UP
798,36,16.67,29.12,29.41,69.89,7,0.14,ROUNDING_UP
640,33,21.88,13.3,13.36,86.2,8,0.1,ROUNDING_UP
5614,89,10.26,48.8,48.91,50.98,10,3.37,ROUNDING_UP
1674,51,15.83,62.38,63.66,35.6,8,0.6,ROUNDING_UP
2864,65,3.81,45.69,63.23,26.57,3,0.5,ROUNDING_UP
190,20,25.26,61.46,69.82,26.57,4,0.01,ROUNDING_UP
4090,77,0.0,0.0,0.0,78.39,1,0.08,ROUNDING_UP
6763,98,9.42,25.1,25.12,74.82,10,4.13,ROUNDING_UP
1895,55,9.39,83.65,89.59,9.72,7,0.47,ROUNDING_UP
23,10,26.09,42.38,67.39,20.51,4,0.0,ROUNDING_UP
243,22,2.88,7.58,50.0,7.58,2,0.01,ROUNDING_UP
2975,66,0.0,0.0,0.0,24.56,1,0.06,ROUNDING_UP
302,26,15.23,76.62,96.32,2.93,7,0.03,ROUNDING_UP
520,31,28.08,75.47,76.38,23.35,8,0.1,ROUNDING_UP
6340,95,10.35,74.47,74.89,24.97,10,4.32,ROUNDING_UP
1878,53,8.52,62.9,68.75,28.59,5,0.43,ROUNDING_UP
943,39,19.83,54.98,55.35,44.34,6,0.21,ROUNDING_UP
242,21,44.21,28.03,28.11,71.69,10,0.03,ROUNDING_UP
227,22,0.0,0.0,0.0,95.51,3,0.0,ROUNDING_UP
2650,63,15.32,69.31,69.57,30.32,6,1.24,ROUNDING_UP
6153,93,10.16,37.01,37.1,62.74,9,4.32,ROUNDING_UP
4111,77,10.05,80.45,81.46,18.31,8,1.88,ROUNDING_UP
1057,41,5.49,25.33,30.1,58.81,2,0.09,ROUNDING_UP
809,37,19.53,49.19,49.65,49.87,9,0.17,ROUNDING_UP
1508,49,0.0,0.0,0.0,89.68,2,0.04,ROUNDING_UP
1330,45,16.54,33.43,33.68,65.84,8,0.36,ROUNDING_UP
3301,69,9.3,43.71,44.24,55.08,5,1.13,ROUNDING_UP
1083,42,12.19,11.17,11.23,88.25,7,0.17,ROUNDING_UP
85,14,45.88,47.0,51.65,43.99,5,0.01,ROUNDING_UP
1569,50,14.98,91.76,93.48,6.4,10,0.48,ROUNDING_UP
1066,41,0.0,0.0,0.0,51.78,1,0.02,ROUNDING_UP
1207,43,96.77,40.56,40.56,59.44,3,0.76,ROUNDING_UP
349,25,0.0,0.0,0.0,23.9,1,0.0,ROUNDING_UP
2185,57,3.8,37.29,57.93,27.08,3,0.31,ROUNDING_UP
5546,89,3.88,42.4,47.3,47.24,3,1.5,ROUNDING_UP
1870,54,17.86,76.6,77.02,22.85,9,0.78,ROUNDING_UP
6576,96,7.18,61.94,62.71,36.83,4,3.37,ROUNDING_UP
409,27,3.91,7.34,8.24,81.78,2,0.01,ROUNDING_UP
3302,71,2.82,4.66,4.79,92.51,4,0.37,ROUNDING_UP
76,13,48.68,53.05,56.77,40.41,7,0.01,ROUNDING_UP
3389,71,11.12,11.01,11.02,88.88,9,1.43,ROUNDING_UP
3501,72,12.54,70.19,70.41,29.49,9,1.76,ROUNDING_UP
1701,51,15.52,35.23,35.31,64.54,9,0.6,ROUNDING_UP
1854,54,14.35,15.95,15.98,83.87,5,0.49,ROUNDING_UP
2373,60,3.16,40.94,66.91,20.25,3,0.31,ROUNDING_UP
310,25,32.58,77.16,83.84,14.87,6,0.05,ROUNDING_UP
3937,76,9.68,90.62,92.86,6.97,8,1.8,ROUNDING_UP
5006,85,8.03,80.82,85.92,13.24,8,2.51,ROUNDING_UP
6903,99,0.56,10.01,42.21,13.7,2,0.48,ROUNDING_UP
3119,68,0.0,0.0,0.0,15.51,1,0.07,ROUNDING_UP
3450,71,5.91,23.38,23.82,74.77,5,0.77,ROUNDING_UP
5642,90,5.44,66.56,73.14,24.44,5,2.22,ROUNDING_UP
893,39,6.38,9.59,10.56,81.2,2,0.08,ROUNDING_UP
125,17,26.4,59.83,75.76,19.15,5,0.01,ROUNDING_UP
4864,84,9.25,89.88,91.48,8.38,8,2.44,ROUNDING_UP
2818,64,98.08,45.14,45.14,54.86,7,3.84,ROUNDING_UP
3866,75,12.93,16.67,16.68,83.27,8,1.92,ROUNDING_UP
2930,66,9.97,74.27,76.82,22.41,8,1.16,ROUNDING_UP
1477,48,7.65,48.85,53.82,41.91,3,0.28,ROUNDING_UP
5681,90,11.04,31.08,31.11,68.82,10,3.45,ROUNDING_UP
187,19,46.52,66.45,67.01,32.72,7,0.03,ROUNDING_UP
2170,57,21.75,59.4,59.47,40.49,8,1.11,ROUNDING_UP
63,14,0.0,0.0,0.0,4.47,1,0.0,ROUNDING_UP
6966,99,3.07,54.22,60.63,35.21,3,1.9,ROUNDING_UP
4010,77,6.01,22.2,22.56,76.18,5,1.02,ROUNDING_UP
1096,42,13.87,9.11,9.14,90.53,8,0.23,ROUNDING_UP
2600,62,5.27,41.45,45.2,50.26,3,0.51,ROUNDING_UP
608,32,15.95,6.52,6.57,92.72,7,0.11,ROUNDING_UP
1438,48,9.67,74.7,79.94,18.75,5,0.31,ROUNDING_UP
2965,66,13.83,16.16,16.18,83.76,10,1.44,ROUNDING_UP
2470,61,10.36,82.11,87.44,11.79,6,0.8,ROUNDING_UP
1452,48,9.92,50.7,53.61,43.87,5,0.33,ROUNDING_UP
2389,60,13.56,59.72,60.02,39.77,8,0.95,ROUNDING_UP
4577,81,10.4,76.65,77.35,22.45,7,2.46,ROUNDING_UP
6507,96,6.49,31.4,31.62,67.91,5,2.86,ROUNDING_UP
190,21,49.47,15.53,15.69,83.46,10,0.03,ROUNDING_UP
7051,100,1.19,24.95,35.89,44.56,2,0.95,ROUNDING_UP
3463,71,98.12,32.53,32.53,67.47,7,5.58,ROUNDING_UP
211,20,27.01,51.8,56.01,40.68,5,0.02,ROUNDING_UP
306,24,44.12,36.37,36.49,63.3,10,0.04,ROUNDING_UP
2407,60,17.24,53.0,53.09,46.82,10,1.16,ROUNDING_UP
1194,44,8.12,43.87,50.41,43.16,3,0.21,ROUNDING_UP
265,22,50.19,56.52,56.69,43.18,9,0.04,ROUNDING_UP
5932,92,3.98,19.99,20.46,77.7,5,1.61,ROUNDING_UP
3619,73,6.16,39.72,41.41,56.21,3,1.02,ROUNDING_UP
7126,100,5.6,21.11,21.4,77.54,5,3.14,ROUNDING_UP
2305,59,97.96,29.79,29.79,70.21,7,2.68,ROUNDING_UP
305,24,40.66,33.95,34.25,65.16,9,0.05,ROUNDING_UP
120,17,60.83,4.35,4.35,95.56,10,0.01,ROUNDING_UP
96,15,77.08,45.18,45.3,54.56,10,0.01,ROUNDING_UP
4473,81,1.07,4.31,4.64,88.64,2,0.31,ROUNDING_UP
166,18,15.66,38.1,41.35,54.05,4,0.01,ROUNDING_UP
108,16,67.59,66.58,67.02,32.76,10,0.01,ROUNDING_UP
644,33,28.88,52.96,53.11,46.77,7,0.17,ROUNDING_UP
3261,70,0.0,0.0,0.0,80.81,1,0.07,ROUNDING_UP
159,18,11.95,21.03,26.37,58.71,4,0.01,ROUNDING_UP
46,11,63.04,40.43,41.5,56.98,8,0.0,ROUNDING_UP
6619,96,0.0,0.0,0.0,35.08,1,0.12,ROUNDING_UP
4974,84,9.81,73.05,73.64,26.15,9,3.12,ROUNDING_UP
2683,63,0.0,0.0,0.0,22.75,1,0.07,ROUNDING_UP
869,39,0.0,0.0,0.0,96.62,1,0.01,ROUNDING_UP
4406,80,0.0,0.0,0.0,11.61,1,0.09,ROUNDING_UP
460,29,7.83,52.09,73.01,19.25,3,0.04,ROUNDING_UP
5693,90,0.0,0.0,0.0,77.69,1,0.1,ROUNDING_UP
33,11,30.3,1.9,1.92,97.51,6,0.0,ROUNDING_UP
2827,65,11.57,76.99,78.85,20.66,6,1.26,ROUNDING_UP
780,36,18.72,72.89,75.06,24.21,7,0.16,ROUNDING_UP
3507,72,12.09,10.49,10.5,89.46,10,1.8,ROUNDING_UP
1869,54,12.89,64.43,65.75,33.56,7,0.61,ROUNDING_UP
6658,97,0.6,12.68,45.16,15.4,2,0.54,ROUNDING_UP
3619,73,1.11,14.63,32.12,30.91,2,0.27,ROUNDING_UP
4516,81,9.23,45.41,45.7,53.96,4,2.01,ROUNDING_UP
786,36,15.65,72.04,82.16,15.65,6,0.16,ROUNDING_UP
3559,72,9.81,67.27,68.23,31.33,6,1.52,ROUNDING_UP
1437,48,2.92,10.05,10.8,82.95,2,0.08,ROUNDING_UP
5791,91,12.97,78.06,78.13,21.86,10,4.72,ROUNDING_UP
2188,59,13.07,6.48,6.48,93.42,9,0.7,ROUNDING_UP
460,29,0.0,0.0,0.0,93.59,1,0.01,ROUNDING_UP
2613,63,1.99,25.12,65.87,13.01,3,0.3,ROUNDING_UP
29,10,68.97,76.27,87.17,11.23,6,0.0,ROUNDING_UP
163,18,39.88,22.48,22.6,76.98,7,0.02,ROUNDING_UP
1407,47,0.0,0.0,0.0,30.55,1,0.02,ROUNDING_UP
1624,50,0.0,0.0,0.0,85.21,1,0.02,ROUNDING_UP
3113,69,3.47,47.31,95.77,2.09,6,0.66,ROUNDING_UP
960,40,21.25,26.49,26.58,73.19,8,0.22,ROUNDING_UP
4378,80,7.26,35.82,36.31,62.81,4,1.71,ROUNDING_UP
1311,45,17.09,26.74,26.79,73.07,4,0.34,ROUNDING_UP
1561,49,16.98,78.62,79.35,20.47,9,0.63,ROUNDING_UP
6497,96,8.25,79.76,80.64,19.15,8,3.83,ROUNDING_UP
2245,59,12.25,45.49,46.26,52.86,7,0.8,ROUNDING_UP
360,26,41.39,74.76,75.53,24.21,4,0.06,ROUNDING_UP
88,15,0.0,0.0,0.0,86.7,2,0.0,ROUNDING_UP
5849,91,1.97,44.94,85.1,7.87,4,1.08,ROUNDING_UP
4743,83,0.65,15.35,47.31,17.1,2,0.28,ROUNDING_UP
6604,97,3.1,18.89,20.13,74.95,3,1.54,ROUNDING_UP
